Date	Open	High	Low	Close	Volume
2022-11-21	9.22	9.4	9.13	9.34	157437
2022-11-22	9.34	9.37	9.31	9.35	192830
2022-11-23	9.38	9.51	9.35	9.46	18388
2022-11-24	9.46	9.48	9.37	9.44	126565
2022-11-25	9.41	9.45	9.29	9.33	41199
2022-11-28	9.25	9.27	8.98	9.05	27615
2022-11-29	9.06	9.09	9.05	9.07	140682
2022-11-30	9.08	9.11	9.07	9.09	48638
2022-12-01	9.14	9.27	9.14	9.24	125523
2022-12-02	9.27	9.43	9.27	9.34	111281
2022-12-05	9.32	9.36	9.25	9.29	162866
2022-12-06	9.29	9.3	9.27	9.28	116594
2022-12-07	9.24	9.24	9.14	9.15	135786
2022-12-08	9.08	9.1	8.87	8.9	114509
2022-12-09	8.91	8.98	8.9	8.94	153273
2022-12-12	8.92	9.0	8.8	8.86	100365
2022-12-13	8.97	9.29	8.91	9.22	18494
2022-12-14	9.21	9.25	9.2	9.2	132762
2022-12-15	9.17	9.18	9.08	9.09	103704
2022-12-16	9.01	9.08	8.79	8.82	67606
2022-12-19	8.83	8.92	8.76	8.86	9470
2022-12-20	8.85	8.93	8.79	8.81	190773
2022-12-21	8.81	8.81	8.76	8.8	54939
2022-12-22	8.84	8.98	8.77	8.93	72263
2022-12-23	8.95	9.03	8.89	9.0	74830
2022-12-26	8.96	9.04	8.82	8.86	49088
2022-12-27	8.89	8.98	8.85	8.96	167873
2022-12-28	8.9	8.96	8.68	8.76	103246
2022-12-29	8.81	9.01	8.74	8.93	154988
2022-12-30	8.96	9.05	8.88	9.02	152233
2023-01-02	9.13	9.47	9.06	9.38	116799
2023-01-03	9.36	9.4	9.25	9.32	16783
2023-01-04	9.28	9.28	9.14	9.19	59782
2023-01-05	9.22	9.36	9.14	9.28	193730
2023-01-06	9.23	9.31	9.12	9.13	154344
2023-01-09	9.16	9.26	9.12	9.24	10709
2023-01-10	9.29	9.45	9.29	9.4	10153
2023-01-11	9.44	9.58	9.35	9.53	58497
2023-01-12	9.57	9.69	9.55	9.67	47021
2023-01-13	9.68	9.72	9.61	9.72	70840
2023-01-16	9.67	9.7	9.48	9.55	140230
2023-01-17	9.54	9.59	9.45	9.51	131962
2023-01-18	9.51	9.58	9.43	9.51	101113
2023-01-19	9.55	9.65	9.47	9.64	68379
2023-01-20	9.58	9.65	9.38	9.43	70844
2023-01-23	9.41	9.44	9.34	9.37	174702
2023-01-24	9.39	9.51	9.3	9.43	157435
2023-01-25	9.5	9.75	9.41	9.66	106279
2023-01-26	9.7	9.82	9.65	9.78	182230
2023-01-27	9.84	10.04	9.79	9.99	82293
2023-01-30	9.93	9.94	9.77	9.79	8313
2023-01-31	9.77	9.8	9.69	9.71	54790
2023-02-01	9.69	9.73	9.55	9.63	105865
2023-02-02	9.66	9.79	9.57	9.72	56821
2023-02-03	9.68	9.69	9.59	9.59	49457
2023-02-06	9.62	9.73	9.59	9.69	37888
2023-02-07	9.65	9.66	9.52	9.55	63872
2023-02-08	9.57	9.65	9.56	9.6	156369
2023-02-09	9.6	9.64	9.55	9.6	142813
2023-02-10	9.62	9.73	9.55	9.66	178868
2023-02-13	9.71	9.83	9.68	9.82	183899
2023-02-14	9.84	9.99	9.75	9.9	19844
2023-02-15	9.87	9.94	9.81	9.81	69905
2023-02-16	9.81	9.84	9.74	9.8	78921
2023-02-17	9.78	9.85	9.68	9.73	53125
2023-02-20	9.76	9.87	9.74	9.82	170612
2023-02-21	9.84	9.89	9.8	9.87	197784
2023-02-22	9.79	9.87	9.57	9.59	176070
2023-02-23	9.56	9.59	9.41	9.5	170281
2023-02-24	9.45	9.48	9.28	9.32	87678
2023-02-27	9.45	9.84	9.44	9.76	191279
2023-02-28	9.77	9.84	9.76	9.78	101825
2023-03-01	9.8	9.89	9.72	9.84	96957
2023-03-02	9.87	9.95	9.86	9.92	24302
2023-03-03	9.99	10.21	9.9	10.16	45493
2023-03-06	10.07	10.15	9.83	9.85	76691
2023-03-07	9.85	9.92	9.77	9.86	128041
2023-03-08	9.85	9.85	9.73	9.81	42767
2023-03-09	9.88	10.1	9.84	10.04	184150
2023-03-10	10.05	10.12	10.0	10.08	18578
2023-03-13	10.02	10.05	9.79	9.88	155860
2023-03-14	9.92	10.0	9.89	10.0	107899
2023-03-15	10.0	10.09	9.9	10.0	163525
2023-03-16	10.04	10.12	9.97	10.12	38680
2023-03-17	10.06	10.13	9.86	9.92	175873
2023-03-20	9.92	9.95	9.84	9.94	120813
2023-03-21	9.92	9.99	9.82	9.86	69214
2023-03-22	9.89	9.96	9.88	9.95	149666
2023-03-23	9.92	9.99	9.82	9.85	89849
2023-03-24	9.77	9.82	9.56	9.58	6511
2023-03-27	9.62	9.82	9.53	9.73	178146
2023-03-28	9.73	9.81	9.72	9.74	198600
2023-03-29	9.75	9.83	9.67	9.77	140937
2023-03-30	9.81	9.92	9.79	9.89	66043
2023-03-31	9.92	10.02	9.9	10.0	36649
2023-04-03	10.03	10.13	9.96	10.1	123177
2023-04-04	10.09	10.16	10.05	10.05	22646
2023-04-05	9.98	9.98	9.77	9.82	189458
2023-04-06	9.87	10.01	9.81	9.98	92451
2023-04-07	10.03	10.25	9.96	10.15	51684
2023-04-10	10.21	10.42	10.11	10.34	63838
2023-04-11	10.27	10.3	10.02	10.09	171371
2023-04-12	10.12	10.26	10.03	10.2	52818
2023-04-13	10.26	10.48	10.18	10.41	158499
2023-04-14	10.48	10.68	10.46	10.66	37951
2023-04-17	10.59	10.65	10.39	10.44	75044
2023-04-18	10.39	10.49	10.28	10.29	45583
2023-04-19	10.32	10.49	10.28	10.39	68513
2023-04-20	10.38	10.45	10.35	10.36	21143
2023-04-21	10.41	10.58	10.4	10.53	147108
2023-04-24	10.62	10.92	10.52	10.83	192158
2023-04-25	10.82	10.89	10.74	10.8	120930
2023-04-26	10.87	11.03	10.79	11.03	28560
2023-04-27	11.06	11.26	11.05	11.15	63635
2023-04-28	11.12	11.2	11.03	11.04	25098
2023-05-01	11.06	11.17	11.0	11.11	16768
2023-05-02	11.07	11.1	10.89	10.97	63884
2023-05-03	10.95	11.05	10.88	10.9	147675
2023-05-04	10.91	10.98	10.84	10.92	70613
2023-05-05	10.86	10.94	10.69	10.72	199997
2023-05-08	10.66	10.72	10.42	10.51	146961
2023-05-09	10.4	10.45	10.13	10.14	114261
2023-05-10	10.19	10.34	10.17	10.3	186627
2023-05-11	10.26	10.28	10.08	10.16	146779
2023-05-12	10.15	10.25	10.04	10.12	84204
2023-05-15	10.12	10.18	10.05	10.11	124828
2023-05-16	10.09	10.09	9.98	10.03	75314
2023-05-17	9.99	10.06	9.88	9.9	198586
2023-05-18	9.93	10.04	9.92	10.0	64950
2023-05-19	9.94	10.02	9.74	9.81	31051
2023-05-22	9.86	10.07	9.84	9.99	198639
2023-05-23	10.03	10.19	9.95	10.14	151106
2023-05-24	10.14	10.16	10.12	10.16	106436
2023-05-25	10.15	10.16	10.07	10.13	151603
2023-05-26	10.07	10.15	9.85	9.92	188147
2023-05-29	9.95	10.06	9.95	10.04	161106
2023-05-30	10.06	10.16	9.97	10.1	105395
2023-05-31	10.03	10.06	9.84	9.87	35137
2023-06-01	9.85	9.92	9.77	9.82	173720
2023-06-02	9.78	9.87	9.65	9.67	84919
2023-06-05	9.72	9.85	9.64	9.82	163354
2023-06-06	9.84	9.92	9.8	9.88	88278
2023-06-07	9.83	9.84	9.64	9.7	36231
2023-06-08	9.74	9.84	9.64	9.83	57932
2023-06-09	9.79	9.87	9.61	9.69	42797
2023-06-12	9.7	9.74	9.69	9.71	34087
2023-06-13	9.76	9.9	9.66	9.86	49024
2023-06-14	9.97	10.25	9.89	10.23	80843
2023-06-15	10.26	10.36	10.16	10.34	190727
2023-06-16	10.33	10.35	10.3	10.3	182551
2023-06-19	10.31	10.38	10.23	10.33	55292
2023-06-20	10.16	10.24	9.68	9.75	49284
2023-06-21	9.79	9.91	9.78	9.9	95671
2023-06-22	9.93	10.06	9.89	9.99	29403
2023-06-23	9.98	10.06	9.9	9.96	196771
2023-06-26	9.93	9.94	9.78	9.86	168909
2023-06-27	9.89	10.06	9.85	9.97	186487
2023-06-28	9.94	9.96	9.82	9.87	49956
2023-06-29	9.89	10.0	9.85	9.95	83048
2023-06-30	9.95	10.03	9.87	9.95	50021
2023-07-03	10.0	10.21	9.98	10.12	136463
2023-07-04	10.18	10.34	10.1	10.32	45540
2023-07-05	10.4	10.67	10.31	10.59	148003
2023-07-06	10.61	10.73	10.6	10.65	110927
2023-07-07	10.63	10.65	10.47	10.57	11635
2023-07-10	10.56	10.64	10.52	10.52	43515
2023-07-11	10.53	10.62	10.46	10.55	109794
2023-07-12	10.63	10.91	10.61	10.82	59781
2023-07-13	10.75	10.76	10.56	10.6	99938
2023-07-14	10.65	10.82	10.55	10.76	57529
2023-07-17	10.76	10.83	10.68	10.77	127128
2023-07-18	10.79	10.92	10.72	10.84	27166
2023-07-19	10.9	11.08	10.9	11.04	195562
2023-07-20	11.02	11.09	10.94	10.97	169609
2023-07-21	10.94	11.03	10.86	10.88	76691
2023-07-24	10.91	11.06	10.85	10.99	48379
2023-07-25	10.97	11.0	10.88	10.92	144091
2023-07-26	10.9	10.97	10.8	10.85	131300
2023-07-27	10.92	11.13	10.88	11.07	44814
2023-07-28	11.07	11.15	11.05	11.06	198448
2023-07-31	11.08	11.13	11.01	11.13	124653
2023-08-01	11.22	11.49	11.12	11.42	137003
2023-08-02	11.38	11.4	11.22	11.3	9457
2023-08-03	11.3	11.32	11.21	11.28	77955
2023-08-04	11.21	11.32	10.97	11.06	156978
2023-08-07	11.02	11.1	10.86	10.94	29914
2023-08-08	10.99	11.21	10.91	11.11	107181
2023-08-09	11.11	11.19	11.02	11.12	83638
2023-08-10	10.97	11.02	10.58	10.63	174812
2023-08-11	10.67	10.85	10.61	10.76	108718
2023-08-14	10.76	10.8	10.69	10.76	178662
2023-08-15	10.82	10.97	10.76	10.97	41113
2023-08-16	11.0	11.1	10.99	11.08	73731
2023-08-17	11.12	11.32	11.09	11.23	137015
2023-08-18	11.21	11.32	11.14	11.17	122724
2023-08-21	11.23	11.45	11.13	11.38	61360
2023-08-22	11.4	11.48	11.32	11.44	85877
2023-08-23	11.5	11.7	11.42	11.65	76760
2023-08-24	11.67	11.76	11.67	11.7	34175
2023-08-25	11.71	11.82	11.71	11.72	33561
2023-08-28	11.74	11.81	11.66	11.79	48182
2023-08-29	11.73	11.82	11.58	11.6	148486
2023-08-30	11.57	11.65	11.39	11.49	38152
2023-08-31	11.44	11.52	11.3	11.33	103473
2023-09-01	11.33	11.44	11.26	11.31	81330
2023-09-04	11.34	11.51	11.27	11.42	11510
2023-09-05	11.48	11.68	11.4	11.63	146815
2023-09-06	11.63	11.73	11.61	11.64	172477
2023-09-07	11.66	11.83	11.61	11.72	154914
2023-09-08	11.76	11.94	11.69	11.84	43551
2023-09-11	11.79	11.83	11.56	11.67	22816
2023-09-12	11.68	11.82	11.59	11.7	158443
2023-09-13	11.69	11.71	11.66	11.67	85892
2023-09-14	11.66	11.77	11.55	11.64	133101
2023-09-15	11.55	11.56	11.32	11.35	151489
2023-09-18	11.44	11.75	11.36	11.66	86601
2023-09-19	11.76	12.01	11.7	11.98	46614
2023-09-20	11.95	12.06	11.87	11.9	90893
2023-09-21	11.88	11.97	11.73	11.84	143750
2023-09-22	11.83	11.85	11.71	11.82	10848
2023-09-25	11.79	11.9	11.71	11.72	42319
2023-09-26	11.77	11.94	11.66	11.88	149329
2023-09-27	11.81	11.92	11.59	11.65	51095
2023-09-28	11.67	11.78	11.64	11.73	56484
2023-09-29	11.82	12.1	11.75	12.04	103155
2023-10-02	12.07	12.18	11.98	12.13	16262
2023-10-03	12.13	12.21	12.06	12.14	136247
2023-10-04	12.2	12.38	12.1	12.35	190698
2023-10-05	12.41	12.6	12.3	12.56	74873
2023-10-06	12.67	13.0	12.59	12.93	39476
2023-10-09	13.01	13.29	12.96	13.2	165396
2023-10-10	13.27	13.5	13.26	13.43	106617
2023-10-11	13.48	13.64	13.4	13.6	79443
2023-10-12	13.61	13.65	13.57	13.65	161464
2023-10-13	13.66	13.75	13.6	13.69	148257
2023-10-16	13.75	13.97	13.66	13.89	176861
2023-10-17	13.85	13.87	13.72	13.77	197077
2023-10-18	13.79	13.85	13.71	13.82	137712
2023-10-19	13.76	13.84	13.57	13.63	103028
2023-10-20	13.47	13.59	13.08	13.09	114790
2023-10-23	13.08	13.19	13.03	13.05	106621
2023-10-24	13.04	13.07	12.97	13.0	30549
2023-10-25	12.91	13.0	12.7	12.7	163909
2023-10-26	12.67	12.74	12.57	12.61	5063
2023-10-27	12.63	12.72	12.52	12.68	42639
2023-10-30	12.65	12.72	12.58	12.59	175814
2023-10-31	12.62	12.74	12.58	12.7	95811
2023-11-01	12.71	12.84	12.7	12.72	78082
2023-11-02	12.81	13.1	12.8	13.01	62564
2023-11-03	13.04	13.19	12.96	13.12	41990
2023-11-06	13.03	13.08	12.73	12.84	70528
2023-11-07	12.9	13.1	12.81	13.03	149240
2023-11-08	12.94	13.01	12.65	12.72	20889
2023-11-09	12.66	12.71	12.44	12.52	19976
2023-11-10	12.53	12.59	12.41	12.55	121501
2023-11-13	12.55	12.58	12.53	12.55	167937
2023-11-14	12.62	12.87	12.52	12.78	187473
2023-11-15	12.76	12.81	12.65	12.71	182796
2023-11-16	12.76	12.89	12.68	12.87	45469
2023-11-17	12.91	13.01	12.81	12.99	59492
2023-11-20	12.9	12.91	12.58	12.69	172622
2023-11-21	12.81	13.18	12.8	13.07	15171
2023-11-22	13.11	13.32	13.1	13.2	186138
2023-11-23	13.2	13.27	13.12	13.19	73007
2023-11-24	13.23	13.38	13.18	13.31	25712
2023-11-27	13.36	13.58	13.24	13.49	196420
2023-11-28	13.58	13.88	13.48	13.78	131684
2023-11-29	13.72	13.85	13.44	13.57	120422
2023-11-30	13.64	13.86	13.57	13.8	23193
2023-12-01	13.67	13.69	13.29	13.36	14372
2023-12-04	13.31	13.43	13.11	13.2	30693
2023-12-05	13.14	13.23	12.92	13.0	49854
2023-12-06	12.95	13.07	12.81	12.84	40511
2023-12-07	12.74	12.79	12.39	12.5	104053
2023-12-08	12.41	12.43	12.15	12.2	34375
2023-12-11	12.2	12.22	12.17	12.21	134236
2023-12-12	12.15	12.23	11.94	12.02	199306
2023-12-13	11.98	12.08	11.78	11.88	176887
2023-12-14	11.86	11.93	11.76	11.81	111776
2023-12-15	11.74	11.85	11.53	11.57	72037
2023-12-18	11.59	11.66	11.56	11.65	87327
2023-12-19	11.66	11.76	11.61	11.7	58446
2023-12-20	11.76	11.98	11.76	11.91	54746
2023-12-21	11.96	12.17	11.91	12.07	13287
2023-12-22	12.05	12.12	11.89	12.0	55047
2023-12-25	11.99	12.09	11.91	11.98	51036
2023-12-26	11.94	11.97	11.74	11.84	10818
2023-12-27	11.86	11.96	11.79	11.91	163253
2023-12-28	11.9	12.01	11.89	11.89	166400
2023-12-29	11.79	11.87	11.5	11.55	71393
2024-01-01	11.49	11.57	11.28	11.35	183337
2024-01-02	11.38	11.48	11.31	11.44	99986
2024-01-03	11.53	11.76	11.51	11.75	125639
2024-01-04	11.87	12.14	11.8	12.14	93588
2024-01-05	12.19	12.41	12.17	12.3	170354
2024-01-08	12.24	12.32	12.01	12.09	61092
2024-01-09	12.04	12.05	11.87	11.94	72352
2024-01-10	11.97	12.05	11.92	12.04	172052
2024-01-11	12.03	12.15	11.97	12.02	96535
2024-01-12	12.05	12.15	11.96	12.11	178576
2024-01-15	12.06	12.08	11.85	11.94	138844
2024-01-16	12.04	12.31	11.94	12.29	191676
2024-01-17	12.37	12.6	12.27	12.55	110327
2024-01-18	12.6	12.77	12.5	12.71	65146
2024-01-19	12.66	12.78	12.45	12.56	120926
2024-01-22	12.55	12.63	12.44	12.54	85547
2024-01-23	12.52	12.57	12.46	12.48	102039
2024-01-24	12.46	12.52	12.32	12.4	13737
2024-01-25	12.45	12.68	12.33	12.56	45224
2024-01-26	12.58	12.72	12.56	12.63	33852
2024-01-29	12.65	12.7	12.55	12.68	81104
2024-01-30	12.71	12.79	12.64	12.79	150299
2024-01-31	12.71	12.79	12.41	12.52	93260
2024-02-01	12.51	12.52	12.36	12.48	16030
2024-02-02	12.48	12.52	12.39	12.48	49394
2024-02-05	12.47	12.49	12.44	12.45	145203
2024-02-06	12.4	12.45	12.23	12.27	192332
2024-02-07	12.26	12.34	12.21	12.25	34135
2024-02-08	12.3	12.51	12.3	12.42	21613
2024-02-09	12.49	12.68	12.38	12.66	57819
2024-02-12	12.65	12.74	12.54	12.64	59046
2024-02-13	12.73	13.04	12.63	12.95	59802
2024-02-14	13.07	13.48	13.01	13.36	48376
2024-02-15	13.38	13.53	13.27	13.44	43382
2024-02-16	13.48	13.67	13.4	13.56	111078
2024-02-19	13.5	13.59	13.33	13.37	152483
2024-02-20	13.39	13.58	13.37	13.45	23082
2024-02-21	13.47	13.57	13.34	13.5	173771
2024-02-22	13.56	13.76	13.47	13.69	192222
2024-02-23	13.65	13.76	13.46	13.54	34367
2024-02-26	13.48	13.53	13.27	13.33	155609
2024-02-27	13.48	13.93	13.42	13.83	47323
2024-02-28	13.79	13.85	13.66	13.7	189111
2024-02-29	13.76	13.96	13.74	13.91	46575
2024-03-01	13.89	14.02	13.81	13.83	151052
2024-03-04	13.76	13.9	13.48	13.59	34073
2024-03-05	13.55	13.57	13.42	13.46	68752
2024-03-06	13.55	13.78	13.49	13.77	107645
2024-03-07	13.73	13.73	13.63	13.64	53657
2024-03-08	13.62	13.67	13.56	13.59	148562
2024-03-11	13.65	13.81	13.52	13.79	91069
2024-03-12	13.94	14.34	13.89	14.27	78878
2024-03-13	14.3	14.45	14.23	14.37	67585
2024-03-14	14.38	14.5	14.31	14.4	20410
2024-03-15	14.39	14.46	14.33	14.36	138382
2024-03-18	14.34	14.46	14.19	14.29	81055
2024-03-19	14.26	14.31	14.09	14.2	31571
2024-03-20	14.23	14.32	14.14	14.3	11720
2024-03-21	14.35	14.62	14.31	14.48	191165
2024-03-22	14.39	14.42	14.1	14.19	28747
2024-03-25	14.2	14.34	14.15	14.21	120221
2024-03-26	14.18	14.3	14.07	14.12	64648
2024-03-27	14.1	14.23	14.04	14.07	121056
2024-03-28	14.02	14.11	13.82	13.89	163100
2024-03-29	13.86	13.89	13.78	13.81	58942
2024-04-01	13.75	13.83	13.57	13.63	126333
2024-04-02	13.67	13.76	13.57	13.75	150530
2024-04-03	13.69	13.8	13.51	13.55	62426
2024-04-04	13.49	13.59	13.28	13.35	74409
2024-04-05	13.31	13.38	13.16	13.21	18419
2024-04-08	13.14	13.25	12.91	12.97	83676
2024-04-09	12.96	13.08	12.79	12.92	162754
2024-04-10	12.96	13.12	12.9	13.04	54749
2024-04-11	13.08	13.23	12.95	13.17	47820
2024-04-12	13.26	13.54	13.25	13.46	184365
2024-04-15	13.55	13.8	13.53	13.77	41312
2024-04-16	13.81	13.97	13.68	13.89	90599
2024-04-17	13.85	13.89	13.72	13.75	27943
2024-04-18	13.69	13.79	13.44	13.56	47576
2024-04-19	13.69	14.06	13.63	14.0	94667
2024-04-22	13.99	13.99	13.95	13.95	83524
2024-04-23	13.88	13.94	13.56	13.7	153652
2024-04-24	13.69	13.82	13.63	13.68	144824
2024-04-25	13.68	13.71	13.54	13.69	171237
2024-04-26	13.81	14.19	13.72	14.08	29776
2024-04-29	14.19	14.53	14.06	14.45	172449
2024-04-30	14.32	14.4	13.94	14.01	159076
2024-05-01	14.01	14.12	13.98	14.0	55978
2024-05-02	14.02	14.1	14.02	14.07	63376
2024-05-03	13.99	14.1	13.7	13.79	199668
2024-05-06	13.75	13.85	13.55	13.67	83172
2024-05-07	13.68	13.85	13.68	13.72	58267
2024-05-08	13.69	13.71	13.6	13.63	183258
2024-05-09	13.66	13.77	13.61	13.74	163217
2024-05-10	13.72	13.8	13.64	13.66	106566
2024-05-13	13.78	14.11	13.66	14.07	89434
2024-05-14	14.2	14.54	14.2	14.51	80815
2024-05-15	14.61	14.86	14.53	14.672	22227
2024-05-16	14.67	14.75	14.56	14.67	48977
2024-05-17	14.66	14.72	14.53	14.62	108160
2024-05-20	14.68	14.86	14.63	14.672	75478
2024-05-21	14.7	14.93	14.62	14.672	126957
2024-05-22	14.56	14.58	14.22	14.31	102429
2024-05-23	14.42	14.77	14.29	14.66	45671
2024-05-24	14.68	14.84	14.63	14.672	101826
2024-05-27	14.64	14.71	14.48	14.55	106335
2024-05-28	14.49	14.52	14.23	14.34	87903
2024-05-29	14.35	14.4	14.24	14.37	22413
2024-05-30	14.36	14.44	14.32	14.35	163734
2024-05-31	14.44	14.71	14.3	14.63	132209
2024-06-03	14.64	14.79	14.51	14.67	42437
2024-06-04	14.63	14.72	14.53	14.53	163225
2024-06-05	14.55	14.72	14.55	14.59	19624
2024-06-06	14.56	14.59	14.48	14.5	65049
2024-06-07	14.55	14.71	14.52	14.672	194504
2024-06-10	14.66	14.73	14.61	14.63	19544
2024-06-11	14.72	14.93	14.59	14.672	107292
2024-06-12	14.67	14.73	14.53	14.65	79972
2024-06-13	14.7	14.94	14.6	14.672	8616
2024-06-14	14.56	14.68	14.15	14.29	133441
2024-06-17	14.26	14.4	14.13	14.2	108411
2024-06-18	14.19	14.32	14.11	14.16	124553
2024-06-19	14.09	14.12	13.88	13.94	195672
2024-06-20	13.91	13.99	13.78	13.83	13785
2024-06-21	13.85	13.91	13.81	13.88	136552
2024-06-24	13.92	14.01	13.85	14.0	80456
2024-06-25	13.84	13.96	13.33	13.45	125987
2024-06-26	13.38	13.44	13.13	13.22	151819
2024-06-27	13.13	13.19	12.9	12.93	154803
2024-06-28	13.03	13.31	13.03	13.25	27548
2024-07-01	13.2	13.21	12.96	13.09	136805
2024-07-02	13.16	13.37	13.05	13.34	147380
2024-07-03	13.34	13.48	13.28	13.35	71364
2024-07-04	13.34	13.41	13.24	13.33	174159
2024-07-05	13.3	13.31	13.12	13.24	107130
2024-07-08	13.18	13.27	12.98	13.04	188643
2024-07-09	12.87	12.93	12.36	12.46	184484
2024-07-10	12.46	12.53	12.35	12.45	190034
2024-07-11	12.6	13.0	12.57	12.95	101755
2024-07-12	12.86	12.88	12.61	12.64	100550
2024-07-15	12.68	12.89	12.58	12.78	73376
2024-07-16	12.71	12.76	12.43	12.54	56448
2024-07-17	12.51	12.6	12.38	12.43	55560
2024-07-18	12.48	12.67	12.45	12.6	91310
2024-07-19	12.65	12.83	12.56	12.75	58639
2024-07-22	12.77	12.89	12.74	12.83	67344
2024-07-23	12.91	13.12	12.81	13.09	52060
2024-07-24	13.11	13.22	13.03	13.15	6084
2024-07-25	13.13	13.23	13.02	13.1	66390
2024-07-26	13.01	13.04	12.72	12.8	69889
2024-07-29	12.86	13.11	12.82	13.0	174045
2024-07-30	13.01	13.03	12.88	13.03	107370
2024-07-31	12.98	13.01	12.79	12.86	185358
2024-08-01	12.91	13.1	12.89	13.02	123396
2024-08-02	13.02	13.06	12.92	13.02	13365
2024-08-05	13.1	13.4	12.99	13.28	10689
2024-08-06	13.29	13.43	13.17	13.3	22035
2024-08-07	13.34	13.43	13.22	13.43	47592
2024-08-08	13.46	13.65	13.42	13.54	13948
2024-08-09	13.45	13.55	13.22	13.24	75388
2024-08-12	13.25	13.35	13.19	13.27	44407
2024-08-13	13.34	13.55	13.29	13.51	59820
2024-08-14	13.43	13.56	13.1	13.23	81848
2024-08-15	13.27	13.42	13.27	13.36	47590
2024-08-16	13.38	13.49	13.27	13.42	116223
2024-08-19	13.39	13.45	13.32	13.33	120953
2024-08-20	13.35	13.49	13.31	13.39	164064
2024-08-21	13.3	13.31	13.07	13.08	39912
2024-08-22	13.06	13.17	13.01	13.02	175401
2024-08-23	13.02	13.06	12.97	13.02	195466
2024-08-26	13.01	13.07	12.9	12.98	44425
2024-08-27	13.1	13.41	13.07	13.38	167732
2024-08-28	13.34	13.37	13.19	13.23	173131
2024-08-29	13.25	13.34	13.16	13.29	97246
2024-08-30	13.19	13.19	12.86	12.96	72067
2024-09-02	12.9	13.0	12.67	12.75	40767
2024-09-03	12.84	13.06	12.79	13.06	107932
2024-09-04	13.08	13.16	12.98	13.12	16790
2024-09-05	13.22	13.53	13.13	13.44	28351
2024-09-06	13.5	13.65	13.48	13.63	177194
2024-09-09	13.61	13.64	13.54	13.55	41582
2024-09-10	13.56	13.66	13.51	13.6	130698
2024-09-11	13.55	13.64	13.34	13.43	193376
2024-09-12	13.42	13.54	13.37	13.4	85189
2024-09-13	13.39	13.51	13.3	13.37	195946
2024-09-16	13.37	13.44	13.36	13.37	13749
2024-09-17	13.39	13.52	13.37	13.43	10842
2024-09-18	13.37	13.43	13.22	13.23	11983
2024-09-19	13.19	13.26	13.02	13.1	91066
2024-09-20	13.11	13.23	13.04	13.13	43274
2024-09-23	13.17	13.39	13.12	13.28	46548
2024-09-24	13.28	13.41	13.24	13.29	60525
2024-09-25	13.24	13.36	13.03	13.11	98445
2024-09-26	13.0	13.07	12.67	12.75	41882
2024-09-27	12.8	13.02	12.77	12.91	134327
2024-09-30	12.85	12.9	12.59	12.72	52912
2024-10-01	12.78	13.01	12.74	12.91	126714
2024-10-02	12.89	13.0	12.72	12.84	198800
2024-10-03	12.89	13.11	12.77	13.02	199320
2024-10-04	12.97	13.05	12.86	12.86	199190
2024-10-07	12.87	12.99	12.82	12.91	5990
2024-10-08	12.91	13.0	12.86	12.9	87548
2024-10-09	12.89	12.99	12.83	12.85	167513
2024-10-10	12.84	12.92	12.68	12.8	123375
2024-10-11	12.73	12.78	12.55	12.58	192081
2024-10-14	12.53	12.63	12.4	12.42	52948
2024-10-15	12.45	12.56	12.45	12.53	52740
2024-10-16	12.48	12.53	12.29	12.37	27881
2024-10-17	12.31	12.41	12.06	12.16	138110
2024-10-18	12.24	12.45	12.22	12.42	27907
2024-10-21	12.47	12.63	12.46	12.59	195396
2024-10-22	12.53	12.57	12.39	12.39	29964
2024-10-23	12.51	12.8	12.51	12.78	199358
2024-10-24	12.84	13.11	12.72	13.0	29631
2024-10-25	13.04	13.24	12.94	13.13	11343
2024-10-28	13.1	13.13	12.91	13.04	182360
2024-10-29	13.0	13.09	12.87	12.9	105660
2024-10-30	12.96	13.15	12.85	13.09	122000
2024-10-31	13.15	13.35	13.05	13.28	57824
2024-11-01	13.23	13.32	13.02	13.1	68846
2024-11-04	13.07	13.18	12.93	13.0	99773
2024-11-05	12.99	13.1	12.96	12.98	105467
2024-11-06	13.07	13.38	12.99	13.27	174274
2024-11-07	13.37	13.63	13.32	13.62	174810
2024-11-08	13.57	13.63	13.39	13.46	107559
2024-11-11	13.51	13.73	13.46	13.63	70997
2024-11-12	13.65	13.76	13.57	13.69	146946
2024-11-13	13.69	13.82	13.61	13.7	169768
2024-11-14	13.69	13.74	13.59	13.68	71023
2024-11-15	13.75	14.03	13.65	13.92	104937
2024-11-18	13.9	14.02	13.73	13.85	148733
2024-11-19	13.95	14.25	13.93	14.18	54784
2024-11-20	14.13	14.16	13.98	14.03	91505
2024-11-21	14.06	14.24	13.98	14.12	75416
2024-11-22	14.14	14.29	14.01	14.18	76812
2024-11-25	14.09	14.14	13.82	13.89	172466
2024-11-26	13.79	13.88	13.5	13.56	156313
2024-11-27	13.55	13.59	13.44	13.54	93145
2024-11-28	13.47	13.52	13.18	13.3	77137
2024-11-29	13.3	13.42	13.28	13.3	47280
2024-12-02	13.19	13.29	12.82	12.93	53422
2024-12-03	12.97	13.13	12.89	13.05	8320
2024-12-04	13.09	13.23	13.04	13.19	196738
2024-12-05	13.21	13.32	13.17	13.25	139157
2024-12-06	13.14	13.26	12.77	12.88	25576
2024-12-09	12.94	13.14	12.91	13.08	114909
2024-12-10	13.1	13.2	13.08	13.14	75982
2024-12-11	13.05	13.08	12.74	12.86	186375
2024-12-12	12.87	12.92	12.78	12.89	9060
2024-12-13	12.83	12.87	12.58	12.68	182696
2024-12-16	12.74	12.99	12.69	12.9	43482
2024-12-17	12.89	12.9	12.84	12.88	76724
2024-12-18	12.94	13.12	12.88	13.08	186133
2024-12-19	13.13	13.37	13.12	13.26	60168
2024-12-20	13.21	13.31	13.04	13.09	126384
2024-12-23	13.15	13.31	13.04	13.27	185108
2024-12-24	13.32	13.49	13.25	13.43	194122
2024-12-25	13.28	13.31	12.89	12.94	194167
2024-12-26	12.89	13.0	12.72	12.77	104250
2024-12-27	12.69	12.76	12.42	12.52	74443
2024-12-30	12.69	13.18	12.68	13.08	103034
2024-12-31	13.09	13.2	13.08	13.1	44179
2025-01-01	13.04	13.08	12.85	12.91	67606
2025-01-02	12.92	12.96	12.84	12.94	117921
2025-01-03	12.9	12.97	12.71	12.82	156795
2025-01-06	12.8	12.88	12.63	12.75	174716
2025-01-07	12.72	12.79	12.53	12.65	177253
2025-01-08	12.6	12.72	12.4	12.47	131014
2025-01-09	12.49	12.6	12.39	12.55	112614
2025-01-10	12.55	12.64	12.54	12.56	77037
2025-01-13	12.56	12.62	12.55	12.57	124162
2025-01-14	12.59	12.64	12.5	12.62	51286
2025-01-15	12.63	12.7	12.56	12.67	41063
2025-01-16	12.74	12.91	12.65	12.91	51059
2025-01-17	12.85	12.87	12.63	12.71	190651
2025-01-20	12.69	12.76	12.55	12.63	108001
2025-01-21	12.6	12.67	12.44	12.53	85381
2025-01-22	12.66	13.02	12.61	12.96	150807
2025-01-23	12.94	12.96	12.9	12.9	50354
2025-01-24	13.01	13.33	13.0	13.26	62319
2025-01-27	13.26	13.3	13.21	13.25	146946
2025-01-28	13.19	13.24	13.0	13.04	10847
2025-01-29	12.97	13.07	12.69	12.79	153516
2025-01-30	12.81	12.92	12.75	12.84	51725
2025-01-31	12.77	12.84	12.51	12.6	112184
2025-02-03	12.55	12.61	12.33	12.44	58162
2025-02-04	12.39	12.46	12.21	12.29	64661
2025-02-05	12.27	12.39	12.17	12.22	123922
2025-02-06	12.29	12.54	12.26	12.45	163022
2025-02-07	12.44	12.48	12.37	12.42	65635
2025-02-10	12.47	12.58	12.45	12.58	78876
2025-02-11	12.64	12.88	12.54	12.78	170143
2025-02-12	12.88	13.14	12.76	13.1	80777
2025-02-13	13.06	13.11	12.83	12.96	106275
2025-02-14	12.99	13.18	12.97	13.05	32125
2025-02-17	13.04	13.14	13.0	13.02	134672
2025-02-18	12.93	13.01	12.67	12.7	114236
2025-02-19	12.57	12.59	12.17	12.28	49178
2025-02-20	12.3	12.4	12.27	12.33	196343
2025-02-21	12.39	12.61	12.38	12.53	105362
2025-02-24	12.48	12.59	12.31	12.37	68722
2025-02-25	12.37	12.43	12.36	12.37	56771
2025-02-26	12.33	12.41	12.14	12.25	68482
2025-02-27	12.31	12.56	12.23	12.46	132086
2025-02-28	12.41	12.46	12.19	12.29	102971
2025-03-03	12.2	12.27	12.01	12.01	177905
2025-03-04	11.95	11.97	11.77	11.82	150979
2025-03-05	11.91	12.19	11.88	12.11	54812
2025-03-06	12.08	12.13	11.98	12.01	96043
2025-03-07	11.99	12.03	11.92	11.93	192615
2025-03-10	11.86	11.95	11.68	11.7	16983
2025-03-11	11.79	12.0	11.67	11.98	104469
2025-03-12	11.92	11.93	11.75	11.79	14888
2025-03-13	11.81	11.9	11.74	11.86	23074
2025-03-14	11.91	12.13	11.91	12.02	71364
2025-03-17	12.01	12.05	11.98	11.99	48640
2025-03-18	12.04	12.16	12.03	12.15	56306
2025-03-19	12.1	12.12	11.97	11.99	41231
2025-03-20	11.89	11.95	11.6	11.65	143492
2025-03-21	11.61	11.63	11.41	11.51	135965
2025-03-24	11.5	11.53	11.47	11.49	111853
2025-03-25	11.47	11.47	11.44	11.44	196432
2025-03-26	11.46	11.52	11.37	11.51	13427
2025-03-27	11.44	11.48	11.27	11.28	20896
2025-03-28	11.27	11.36	11.17	11.26	184069
2025-03-31	11.32	11.51	11.23	11.44	75560
2025-04-01	11.4	11.42	11.31	11.31	40137
2025-04-02	11.28	11.35	11.17	11.22	191708
2025-04-03	11.23	11.36	11.17	11.26	42779
2025-04-04	11.23	11.27	11.05	11.15	127364
2025-04-07	11.04	11.12	10.78	10.79	12828
2025-04-08	10.8	10.84	10.74	10.83	34862
2025-04-09	10.85	10.94	10.79	10.9	61062
2025-04-10	10.88	10.97	10.82	10.84	94680
2025-04-11	10.83	10.93	10.78	10.8	60266
2025-04-14	10.85	10.98	10.84	10.97	59990
2025-04-15	10.98	11.05	10.94	11.0	171899
2025-04-16	10.97	10.99	10.88	10.9	21857
2025-04-17	10.86	10.92	10.72	10.77	33381
2025-04-18	10.79	10.9	10.75	10.85	34209
2025-04-21	10.82	10.83	10.73	10.76	127666
2025-04-22	10.77	10.83	10.76	10.78	93665
2025-04-23	10.78	10.88	10.73	10.77	150923
2025-04-24	10.78	10.88	10.71	10.79	90141
2025-04-25	10.74	10.74	10.57	10.62	19822
2025-04-28	10.62	10.64	10.6	10.63	141075
2025-04-29	10.67	10.85	10.61	10.76	162987
2025-04-30	10.79	10.95	10.75	10.84	160169
2025-05-01	10.81	10.89	10.71	10.73	127780
2025-05-02	10.71	10.75	10.62	10.68	148144
2025-05-05	10.64	10.73	10.51	10.55	97250
2025-05-06	10.43	10.44	10.11	10.15	62875
2025-05-07	10.16	10.24	10.16	10.19	57924
2025-05-08	10.21	10.29	10.18	10.25	151225
2025-05-09	10.26	10.36	10.18	10.29	116839
2025-05-12	10.23	10.24	10.08	10.08	18420
2025-05-13	10.1	10.16	10.07	10.13	103362
2025-05-14	10.03	10.11	9.79	9.8	123324
2025-05-15	9.82	9.89	9.8	9.85	196201
2025-05-16	9.89	10.01	9.87	9.99	66563
2025-05-19	9.98	10.01	9.9	9.95	174749
2025-05-20	9.91	9.91	9.73	9.81	180443
2025-05-21	9.87	10.02	9.83	9.99	92549
2025-05-22	10.04	10.23	10.03	10.16	158326
2025-05-23	10.28	10.59	10.27	10.56	164688
2025-05-26	10.57	10.63	10.5	10.59	126367
2025-05-27	10.52	10.6	10.27	10.36	184483
2025-05-28	10.34	10.4	10.22	10.28	96786
2025-05-29	10.2	10.25	9.96	10.0	26145
2025-05-30	10.03	10.13	9.99	10.09	12177
2025-06-02	10.05	10.12	9.85	9.95	155974
2025-06-03	9.92	9.94	9.76	9.84	18491
2025-06-04	9.88	10.01	9.8	9.97	21372
2025-06-05	9.98	10.06	9.9	10.02	41894
2025-06-06	10.02	10.08	9.91	10.01	78279
2025-06-09	9.99	10.05	9.95	9.95	122420
2025-06-10	9.98	10.05	9.95	10.05	144888
2025-06-11	9.98	10.04	9.74	9.83	174672
2025-06-12	9.89	10.05	9.87	10.02	168982
2025-06-13	9.91	9.96	9.59	9.65	171235
2025-06-16	9.74	9.94	9.71	9.94	40085
2025-06-17	9.93	9.93	9.87	9.92	131366
2025-06-18	9.86	9.93	9.69	9.73	118288
2025-06-19	9.76	9.91	9.72	9.83	153216
2025-06-20	9.91	10.17	9.83	10.1	164721
2025-06-23	10.09	10.1	10.0	10.06	104943
2025-06-24	10.11	10.22	10.05	10.22	188161
2025-06-25	10.16	10.18	9.95	10.03	119588
2025-06-26	10.06	10.2	9.98	10.14	18112
2025-06-27	10.15	10.24	10.15	10.19	43279
2025-06-30	10.24	10.41	10.19	10.34	72221
2025-07-01	10.39	10.61	10.32	10.52	139611
2025-07-02	10.43	10.52	10.15	10.23	21502
2025-07-03	10.25	10.37	10.2	10.3	141043
2025-07-04	10.2	10.21	9.92	9.98	88226
2025-07-07	9.98	10.05	9.9	9.97	182208
2025-07-08	9.97	10.02	9.94	9.96	66997
2025-07-09	9.97	10.05	9.93	9.99	160640
2025-07-10	9.94	10.02	9.8	9.81	74049
2025-07-11	9.69	9.77	9.32	9.4	194332
2025-07-14	9.38	9.47	9.25	9.33	187081
2025-07-15	9.35	9.47	9.28	9.41	147468
2025-07-16	9.42	9.48	9.42	9.45	74600
2025-07-17	9.39	9.43	9.19	9.26	176459
2025-07-18	9.25	9.29	9.21	9.24	28526
2025-07-21	9.2	9.21	9.09	9.1	146752
2025-07-22	9.1	9.19	9.04	9.09	123406
2025-07-23	9.13	9.27	9.04	9.24	186059
2025-07-24	9.19	9.25	9.04	9.07	109724
2025-07-25	8.98	9.01	8.74	8.79	120099
2025-07-28	8.79	8.8	8.79	8.79	20649
2025-07-29	8.77	8.79	8.65	8.71	178951
2025-07-30	8.66	8.67	8.49	8.56	26827
2025-07-31	8.58	8.65	8.54	8.64	119127
2025-08-01	8.65	8.75	8.63	8.69	19878
2025-08-04	8.72	8.88	8.68	8.81	47266
2025-08-05	8.79	8.8	8.68	8.75	146121
2025-08-06	8.79	8.91	8.77	8.87	69237
2025-08-07	8.85	8.87	8.79	8.8	136729
2025-08-08	8.84	8.99	8.76	8.92	54448
2025-08-11	8.9	8.95	8.81	8.85	171626
2025-08-12	8.85	8.9	8.82	8.85	76836
2025-08-13	8.8	8.81	8.68	8.69	117906
2025-08-14	8.71	8.75	8.65	8.74	104583
2025-08-15	8.69	8.76	8.53	8.58	58996
2025-08-18	8.66	8.9	8.59	8.84	77836
2025-08-19	8.84	8.88	8.75	8.85	140081
2025-08-20	8.79	8.83	8.62	8.66	169781
2025-08-21	8.69	8.77	8.68	8.76	63747
2025-08-22	8.78	8.84	8.75	8.81	73199
2025-08-25	8.75	8.76	8.58	8.61	73585
2025-08-26	8.61	8.68	8.6	8.61	193894
2025-08-27	8.64	8.75	8.58	8.71	41678
2025-08-28	8.76	8.91	8.69	8.86	92887
2025-08-29	8.84	8.92	8.76	8.78	43896
2025-09-01	8.81	8.9	8.76	8.89	178532
2025-09-02	8.92	9.05	8.87	8.98	68280
2025-09-03	8.87	8.91	8.55	8.62	49426
2025-09-04	8.67	8.8	8.6	8.78	16786
2025-09-05	8.75	8.81	8.69	8.69	33451
2025-09-08	8.63	8.67	8.42	8.47	73017
2025-09-09	8.48	8.56	8.47	8.49	184560
2025-09-10	8.56	8.81	8.52	8.74	176071
2025-09-11	8.74	8.79	8.69	8.74	187922
2025-09-12	8.72	8.73	8.61	8.68	127392
2025-09-15	8.66	8.68	8.57	8.61	190882
2025-09-16	8.62	8.68	8.57	8.64	24645
2025-09-17	8.67	8.78	8.63	8.75	171742
2025-09-18	8.74	8.74	8.7	8.71	195647
2025-09-19	8.75	8.87	8.68	8.83	176363
2025-09-22	8.84	8.95	8.81	8.88	68050
2025-09-23	8.9	8.99	8.89	8.95	182846
2025-09-24	9.02	9.23	9.0	9.2	80930
2025-09-25	9.18	9.25	9.12	9.14	134404
2025-09-26	9.14	9.22	9.12	9.13	91740
2025-09-29	9.13	9.19	9.1	9.12	80059
2025-09-30	9.2	9.46	9.11	9.38	167474
2025-10-01	9.33	9.35	9.16	9.22	145544
2025-10-02	9.23	9.33	9.14	9.26	107470
2025-10-03	9.26	9.36	9.26	9.27	117727
2025-10-06	9.27	9.3	9.26	9.28	55652
2025-10-07	9.26	9.33	9.2	9.21	39577
2025-10-08	9.23	9.34	9.18	9.28	82875
2025-10-09	9.27	9.31	9.24	9.24	123437
2025-10-10	9.18	9.19	8.98	9.05	181932
2025-10-13	9.07	9.15	9.05	9.13	136451
2025-10-14	9.09	9.16	9.0	9.01	71406
2025-10-15	9.03	9.15	8.96	9.06	18130
2025-10-16	9.11	9.31	9.06	9.23	90652
2025-10-17	9.19	9.25	9.05	9.11	146770
2025-10-20	9.06	9.12	8.92	8.94	161583
2025-10-21	8.92	8.97	8.87	8.89	163815
2025-10-22	8.93	9.02	8.9	9.01	116233
2025-10-23	8.97	9.05	8.84	8.86	27016
2025-10-24	8.86	8.88	8.79	8.87	192488
2025-10-27	8.87	8.94	8.83	8.88	117563
2025-10-28	8.89	8.99	8.85	8.91	34998
2025-10-29	8.93	9.05	8.86	8.97	165054
2025-10-30	9.01	9.19	9.0	9.11	125759
2025-10-31	9.12	9.19	9.09	9.14	64908
2025-11-03	9.1	9.19	8.98	9.02	75977
2025-11-04	8.99	9.02	8.9	8.91	110780
2025-11-05	8.82	8.87	8.58	8.6	80189
2025-11-06	8.62	8.75	8.59	8.67	123300
2025-11-07	8.7	8.86	8.64	8.78	117459
2025-11-10	8.8	8.95	8.71	8.86	42320
2025-11-11	8.87	8.96	8.79	8.9	24182
2025-11-12	8.92	8.96	8.89	8.95	31791
2025-11-13	8.98	9.14	8.91	9.06	178006
2025-11-14	9.08	9.16	9.06	9.14	53887
2025-11-17	9.14	9.15	9.06	9.14	175964
2025-11-18	9.13	9.21	9.08	9.12	188820
2025-11-19	9.1	9.12	8.99	9.06	6955
2025-11-20	9.06	9.08	9.04	9.07	167831
2025-11-21	9.07	9.1	9.03	9.08	160969
2025-11-24	9.05	9.12	8.94	8.98	10779
2025-11-25	8.99	9.08	8.93	9.01	128723
2025-11-26	8.95	9.01	8.77	8.82	109376
2025-11-27	8.76	8.8	8.61	8.64	96604
2025-11-28	8.57	8.57	8.37	8.42	175920
2025-12-01	8.45	8.53	8.45	8.52	131806
2025-12-02	8.49	8.51	8.39	8.41	139189
2025-12-03	8.48	8.71	8.41	8.65	77222
2025-12-04	8.66	8.69	8.6	8.68	163803
2025-12-05	8.68	8.73	8.6	8.69	60313
2025-12-08	8.63	8.67	8.4	8.48	72209
2025-12-09	8.49	8.61	8.45	8.53	163110
2025-12-10	8.56	8.73	8.51	8.64	45436
2025-12-11	8.7	8.88	8.64	8.84	151920
2025-12-12	8.97	9.33	8.92	9.26	67217
2025-12-15	9.28	9.34	9.23	9.33	160031
2025-12-16	9.38	9.54	9.36	9.49	79358
2025-12-17	9.51	9.59	9.43	9.57	112109
2025-12-18	9.63	9.81	9.63	9.77	177504
2025-12-19	9.77	9.79	9.68	9.77	73694
2025-12-22	9.76	9.85	9.65	9.73	50042
2025-12-23	9.67	9.73	9.52	9.53	20725
2025-12-24	9.52	9.56	9.45	9.5	41481
2025-12-25	9.52	9.6	9.45	9.58	145383
2025-12-26	9.59	9.66	9.51	9.63	196764
2025-12-29	9.63	9.69	9.63	9.64	113925
2025-12-30	9.64	9.73	9.55	9.64	115436
2025-12-31	9.61	9.69	9.49	9.53	157536
2026-01-01	9.48	9.52	9.32	9.37	142348
2026-01-02	9.31	9.33	9.07	9.16	163313
2026-01-05	9.2	9.36	9.17	9.28	124123
2026-01-06	9.3	9.43	9.27	9.36	38406
2026-01-07	9.31	9.39	9.15	9.2	70646
2026-01-08	9.23	9.31	9.23	9.29	68844
2026-01-09	9.37	9.55	9.34	9.54	118457
2026-01-12	9.56	9.61	9.49	9.6	185148
2026-01-13	9.66	9.82	9.6	9.81	102087
2026-01-14	9.77	9.87	9.61	9.69	88633
2026-01-15	9.74	9.91	9.71	9.87	123054
2026-01-16	9.91	9.99	9.9	9.99	51283
2026-01-19	9.98	10.07	9.85	9.94	32430
2026-01-20	9.94	10.01	9.85	9.93	158434
2026-01-21	9.98	10.13	9.88	10.08	12709
2026-01-22	10.06	10.14	9.98	10.0	128493
2026-01-23	9.91	9.96	9.69	9.7	20634
2026-01-26	9.77	9.99	9.71	9.94	146468
2026-01-27	9.97	10.12	9.93	10.04	172840
2026-01-28	10.01	10.1	9.9	9.93	32110
2026-01-29	9.86	9.94	9.7	9.71	36440
2026-01-30	9.71	9.75	9.64	9.71	102118
2026-02-02	9.6	9.68	9.35	9.36	64633
2026-02-03	9.38	9.5	9.37	9.41	8149
2026-02-04	9.39	9.44	9.29	9.33	194927
2026-02-05	9.37	9.54	9.3	9.47	118385
2026-02-06	9.48	9.54	9.4	9.52	10216
2026-02-09	9.54	9.64	9.54	9.59	142471
2026-02-10	9.54	9.57	9.34	9.43	144476
2026-02-11	9.39	9.4	9.24	9.29	64387
2026-02-12	9.21	9.28	9.01	9.01	22012
2026-02-13	9.06	9.26	9.05	9.17	128709
2026-02-16	9.18	9.26	9.14	9.22	159545
2026-02-17	9.25	9.33	9.19	9.3	98258
2026-02-18	9.37	9.61	9.37	9.52	134624
2026-02-19	9.55	9.69	9.49	9.63	54883
2026-02-20	9.62	9.69	9.57	9.6	30293
2026-02-23	9.64	9.81	9.56	9.73	62374
2026-02-24	9.74	9.81	9.73	9.77	127656
2026-02-25	9.79	9.86	9.76	9.83	150313
2026-02-26	9.84	9.94	9.83	9.88	145546
2026-02-27	9.89	9.98	9.88	9.91	50244
2026-03-02	9.75	9.84	9.33	9.37	172821
2026-03-03	9.36	9.37	9.3	9.34	157315
2026-03-04	9.32	9.39	9.2	9.27	121982
2026-03-05	9.28	9.34	9.21	9.29	181713
2026-03-06	9.19	9.27	8.92	8.96	97843
2026-03-09	8.92	8.93	8.8	8.84	95620
2026-03-10	8.85	8.9	8.78	8.89	123261
2026-03-11	8.98	9.22	8.94	9.2	128992
2026-03-12	9.26	9.4	9.23	9.38	97927
2026-03-13	9.42	9.57	9.39	9.51	149156
2026-03-16	9.52	9.58	9.47	9.54	166661
2026-03-17	9.49	9.57	9.36	9.38	27126
2026-03-18	9.32	9.37	9.12	9.18	102233
2026-03-19	9.24	9.45	9.17	9.38	12809
2026-03-20	9.37	9.43	9.28	9.35	72828
2026-03-23	9.31	9.34	9.21	9.23	115901
2026-03-24	9.23	9.31	9.18	9.24	68431
2026-03-25	9.21	9.21	9.04	9.12	166311
2026-03-26	9.06	9.11	8.86	8.93	118788
2026-03-27	8.87	8.9	8.74	8.74	85062
2026-03-30	8.76	8.85	8.69	8.8	179799
2026-03-31	8.91	9.23	8.82	9.16	19567
2026-04-01	9.17	9.21	9.13	9.18	133062
2026-04-02	9.2	9.29	9.14	9.26	72907
2026-04-03	9.32	9.48	9.3	9.45	67324
2026-04-06	9.44	9.44	9.33	9.4	184086
2026-04-07	9.47	9.7	9.41	9.63	93926
2026-04-08	9.61	9.66	9.49	9.58	119624
2026-04-09	9.53	9.61	9.36	9.42	180010
2026-04-10	9.5	9.68	9.41	9.67	149352
2026-04-13	9.76	10.01	9.75	9.96	134886
2026-04-14	9.97	10.07	9.94	9.99	153163
2026-04-15	9.99	10.0	9.97	9.98	38888
2026-04-16	9.92	9.96	9.74	9.79	140105
2026-04-17	9.83	10.01	9.8	9.92	188809
2026-04-20	9.99	10.18	9.95	10.15	99277
2026-04-21	10.16	10.23	10.13	10.18	58317
2026-04-22	10.2	10.29	10.12	10.26	192431
2026-04-23	10.25	10.26	10.21	10.24	111979
2026-04-24	10.22	10.22	10.15	10.16	95321
2026-04-27	10.16	10.25	10.14	10.17	35620
2026-04-28	10.16	10.19	10.09	10.12	158236
2026-04-29	10.12	10.13	10.1	10.13	65051
2026-04-30	10.1	10.15	9.92	10.02	175598
2026-05-01	10.05	10.2	10.02	10.13	163200