Date	Open	High	Low	Close	Volume
2022-11-21	32.86	33.16	32.73	32.89	35588
2022-11-22	32.97	33.46	32.44	33.13	157206
2022-11-23	33.24	33.81	32.44	33.49	246015
2022-11-24	33.57	33.94	32.86	33.76	282557
2022-11-25	33.83	34.47	33.24	33.97	90790
2022-11-28	34.00	34.65	33.43	34.05	162723
2022-11-29	34.16	34.90	33.40	34.41	152455
2022-11-30	34.54	34.95	33.79	34.83	69135
2022-12-01	35.07	35.77	33.52	35.62	285513
2022-12-02	35.46	36.36	34.99	35.10	237064
2022-12-05	35.34	36.26	34.07	35.91	178325
2022-12-06	36.21	37.18	34.25	36.93	25316
2022-12-07	37.16	38.31	35.97	37.72	176329
2022-12-08	38.05	39.13	35.93	38.80	60365
2022-12-09	38.49	40.29	37.50	37.77	17042
2022-12-12	37.74	37.98	37.25	37.68	219204
2022-12-13	38.01	38.88	36.55	38.77	98006
2022-12-14	38.98	39.97	37.50	39.49	137705
2022-12-15	39.18	40.74	37.72	38.45	244268
2022-12-16	38.57	39.09	37.65	38.86	10095
2022-12-19	38.84	39.20	38.14	38.80	277235
2022-12-20	38.68	39.78	38.33	38.40	194747
2022-12-21	38.57	39.61	37.75	38.97	280969
2022-12-22	38.98	39.65	38.79	38.99	97039
2022-12-23	39.29	40.52	37.41	40.01	5353
2022-12-26	40.12	41.09	38.98	40.37	94311
2022-12-27	40.53	41.52	39.47	40.91	195937
2022-12-28	41.10	41.58	40.13	41.54	192926
2022-12-29	41.80	42.92	40.37	42.42	271735
2022-12-30	42.45	43.10	42.07	42.52	127210
2023-01-02	42.56	42.79	41.71	42.67	265052
2023-01-03	42.59	43.16	42.31	42.42	35653
2023-01-04	42.17	43.52	41.16	41.58	151819
2023-01-05	41.69	42.04	40.73	41.92	99223
2023-01-06	42.18	42.95	40.72	42.79	183652
2023-01-09	42.54	43.96	41.70	41.96	174095
2023-01-10	42.02	42.66	41.63	42.16	150759
2023-01-11	42.47	44.05	40.99	43.21	268587
2023-01-12	43.27	43.49	42.29	43.40	202693
2023-01-13	43.38	44.25	42.74	43.34	114224
2023-01-16	43.35	43.89	42.59	43.38	230434
2023-01-17	43.55	43.98	42.16	43.93	22041
2023-01-18	43.97	44.42	43.38	44.06	31308
2023-01-19	44.07	44.81	43.40	44.11	222422
2023-01-20	44.34	44.92	42.98	44.87	163135
2023-01-23	44.93	45.25	44.21	45.08	203579
2023-01-24	45.15	45.85	44.11	45.30	162102
2023-01-25	45.58	46.91	43.90	46.26	126458
2023-01-26	46.24	47.07	45.76	46.22	92863
2023-01-27	46.55	47.76	44.65	47.31	73696
2023-01-30	47.44	47.81	46.17	47.76	104671
2023-01-31	48.01	48.99	46.53	48.61	261474
2023-02-01	48.77	50.07	47.24	49.16	11937
2023-02-02	49.45	50.25	47.51	50.10	94856
2023-02-03	50.01	51.09	48.86	49.79	264374
2023-02-06	49.35	51.62	48.20	48.32	257988
2023-02-07	48.55	49.95	46.88	49.08	57615
2023-02-08	49.16	50.21	48.32	49.35	240769
2023-02-09	49.36	49.91	48.86	49.39	20620
2023-02-10	49.40	49.99	48.74	49.44	194965
2023-02-13	49.02	51.44	47.85	48.04	273490
2023-02-14	47.70	49.46	46.38	46.90	11680
2023-02-15	46.96	47.18	46.05	47.10	257715
2023-02-16	47.52	49.14	45.28	48.50	265785
2023-02-17	48.64	49.74	47.21	48.97	94439
2023-02-20	49.35	50.52	47.58	50.24	243316
2023-02-21	50.30	50.85	49.32	50.43	115239
2023-02-22	50.08	52.16	48.64	49.26	230776
2023-02-23	49.47	50.75	48.22	49.96	256367
2023-02-24	49.56	52.21	48.54	48.61	50016
2023-02-27	48.67	48.90	47.94	48.81	204016
2023-02-28	49.17	50.52	47.39	50.01	239273
2023-03-01	49.58	52.32	48.48	48.55	75276
2023-03-02	48.37	49.30	47.70	47.93	196313
2023-03-03	48.26	49.58	46.54	49.02	151698
2023-03-06	49.28	50.62	47.31	49.86	239941
2023-03-07	50.28	51.42	47.88	51.26	264337
2023-03-08	51.57	52.36	49.38	52.29	227753
2023-03-09	52.45	53.03	50.73	52.83	111427
2023-03-10	53.00	54.11	52.03	53.38	217841
2023-03-13	53.56	54.92	52.60	54.00	267318
2023-03-14	53.87	55.49	52.79	53.58	7401
2023-03-15	53.92	55.64	51.67	54.71	239238
2023-03-16	54.81	55.79	54.05	55.06	275235
2023-03-17	55.44	57.39	53.43	56.33	187855
2023-03-20	56.73	58.13	54.74	57.65	84092
2023-03-21	57.73	58.77	57.00	57.89	7480
2023-03-22	58.37	59.73	55.71	59.49	280376
2023-03-23	59.58	60.04	59.11	59.80	285236
2023-03-24	60.21	62.04	57.44	61.17	277421
2023-03-27	61.71	63.31	58.49	62.98	176077
2023-03-28	63.43	64.95	60.75	64.48	234957
2023-03-29	64.60	64.97	63.46	64.87	67243
2023-03-30	65.38	67.14	62.58	66.59	57199
2023-03-31	66.63	66.80	66.09	66.72	70164
2023-04-03	66.31	68.65	65.13	65.35	196780
2023-04-04	65.47	66.97	63.73	65.75	56616
2023-04-05	65.65	66.22	65.28	65.43	298249
2023-04-06	65.59	66.03	64.79	65.96	43495
2023-04-07	66.00	66.41	64.52	66.09	49499
2023-04-10	66.43	67.91	64.33	67.22	41596
2023-04-11	67.59	68.80	64.75	68.44	279510
2023-04-12	68.23	70.23	66.75	67.74	237521
2023-04-13	68.04	69.46	66.17	68.76	23672
2023-04-14	69.18	70.84	67.18	70.18	36667
2023-04-17	70.59	72.32	68.52	71.55	165829
2023-04-18	71.84	73.31	69.35	72.50	213528
2023-04-19	72.60	73.88	70.98	72.84	296696
2023-04-20	72.99	73.82	72.03	73.35	194312
2023-04-21	73.46	73.79	72.04	73.72	183492
2023-04-24	74.02	75.78	71.89	74.74	110758
2023-04-25	75.20	76.61	73.02	76.28	185616
2023-04-26	76.91	79.27	73.08	78.36	283061
2023-04-27	77.90	80.12	75.76	76.83	144016
2023-04-28	77.40	80.30	73.46	78.72	6242
2023-05-01	79.17	81.08	77.10	80.21	97156
2023-05-02	80.72	82.09	77.30	81.90	175985
2023-05-03	82.35	84.93	79.72	83.40	266103
2023-05-04	83.81	85.43	81.86	84.76	277033
2023-05-05	85.00	85.92	82.40	85.57	191665
2023-05-08	86.00	87.27	82.75	87.01	299396
2023-05-09	86.63	89.26	85.51	85.73	19600
2023-05-10	86.24	89.06	83.11	87.44	10480
2023-05-11	87.49	89.24	85.68	87.61	35313
2023-05-12	88.20	89.92	85.10	89.56	79283
2023-05-15	90.36	92.77	85.28	92.22	68502
2023-05-16	92.31	93.82	91.08	92.51	89850
2023-05-17	92.87	94.14	89.61	93.71	164073
2023-05-18	94.15	96.94	91.63	95.17	102357
2023-05-19	95.80	97.75	92.17	97.27	72399
2023-05-22	97.85	99.57	95.21	99.22	254220
2023-05-23	99.48	101.48	97.51	100.09	87940
2023-05-24	100.22	102.24	98.95	100.53	49863
2023-05-25	101.11	102.69	96.74	102.47	31388
2023-05-26	102.94	105.62	99.08	104.03	194048
2023-05-29	103.27	107.95	100.89	101.49	73593
2023-05-30	101.07	104.64	98.88	100.09	186259
2023-05-31	100.34	102.89	98.84	100.93	132398
2023-06-01	101.59	104.13	97.07	103.14	6874
2023-06-02	103.59	104.89	101.18	104.66	55016
2023-06-05	105.06	106.50	103.12	106.00	185292
2023-06-06	106.66	110.11	103.27	108.22	151512
2023-06-07	108.32	109.63	105.93	108.57	10137
2023-06-08	108.70	110.27	106.42	109.01	150218
2023-06-09	109.06	109.62	107.59	109.17	231356
2023-06-12	109.26	111.12	108.64	109.45	19431
2023-06-13	110.25	114.22	104.98	112.13	186894
2023-06-14	112.43	115.34	110.57	113.11	228134
2023-06-15	112.86	116.08	110.89	112.28	92981
2023-06-16	112.54	114.31	110.95	113.16	274985
2023-06-19	113.77	115.92	109.09	115.19	146748
2023-06-20	115.02	117.79	114.04	114.63	199722
2023-06-21	115.49	119.52	110.85	117.49	203086
2023-06-22	118.02	119.65	114.51	119.28	247685
2023-06-23	120.34	124.66	114.50	122.80	89801
2023-06-26	122.86	124.71	120.59	122.99	53326
2023-06-27	123.24	124.55	120.91	123.81	238660
2023-06-28	124.49	126.81	120.78	126.09	111945
2023-06-29	126.91	129.02	121.81	128.83	204812
2023-06-30	128.41	132.54	126.89	127.44	273845
2023-07-03	127.41	127.96	125.33	127.35	18708
2023-07-04	127.95	130.92	123.53	129.36	226927
2023-07-05	130.09	134.03	125.77	131.79	98081
2023-07-06	132.05	133.33	129.34	132.66	258026
2023-07-07	133.16	136.19	129.87	134.33	16595
2023-07-10	133.50	139.37	130.29	131.57	8000
2023-07-11	132.30	135.76	128.96	134.01	168483
2023-07-12	135.03	139.45	130.13	137.40	100564
2023-07-13	137.32	139.52	136.84	137.12	92024
2023-07-14	137.48	139.79	134.59	138.33	18801
2023-07-17	139.11	142.10	134.15	140.92	126854
2023-07-18	141.84	144.84	137.01	144.00	239269
2023-07-19	143.58	147.08	139.98	142.60	160860
2023-07-20	141.67	147.92	139.22	139.50	114158
2023-07-21	140.42	143.12	133.78	142.57	163167
2023-07-24	142.39	143.52	140.85	141.98	260272
2023-07-25	142.24	145.50	139.02	142.83	236876
2023-07-26	143.46	145.15	140.22	144.92	147586
2023-07-27	145.52	147.70	140.94	146.92	128814
2023-07-28	147.27	150.82	144.76	148.10	294397
2023-07-31	148.41	150.91	146.03	149.12	202533
2023-08-01	148.40	152.93	145.02	146.71	64965
2023-08-02	147.57	150.71	141.49	149.60	36604
2023-08-03	150.03	152.98	145.49	151.05	188474
2023-08-04	152.09	157.42	145.68	154.50	55477
2023-08-07	155.83	160.82	147.85	158.93	40372
2023-08-08	159.77	162.52	155.18	161.73	168191
2023-08-09	162.53	165.91	158.29	164.40	279935
2023-08-10	165.22	167.41	161.07	167.14	226785
2023-08-11	167.17	169.00	165.74	167.24	168911
2023-08-14	167.69	171.02	164.90	168.76	59069
2023-08-15	170.14	175.03	162.54	173.34	223932
2023-08-16	174.58	179.20	168.18	177.47	290833
2023-08-17	178.05	180.88	173.72	179.42	56324
2023-08-18	180.19	184.79	175.30	181.98	57883
2023-08-21	182.27	186.28	179.35	182.95	250952
2023-08-22	184.07	189.76	176.88	186.69	151629
2023-08-23	187.89	194.39	179.09	190.69	112090
2023-08-24	189.91	196.98	186.13	188.08	179415
2023-08-25	189.16	192.59	181.28	191.68	281431
2023-08-28	193.15	197.76	186.43	196.59	256234
2023-08-29	195.73	203.26	190.93	193.73	143721
2023-08-30	195.14	200.76	186.83	198.43	17387
2023-08-31	196.80	205.72	190.99	192.99	172322
2023-09-01	194.46	198.90	185.43	197.88	72041
2023-09-04	198.06	201.70	196.10	198.47	290489
2023-09-05	199.17	201.44	194.33	200.81	55296
2023-09-06	199.45	209.40	195.17	196.28	70417
2023-09-07	196.81	198.74	194.29	198.07	93389
2023-09-08	199.45	205.28	190.16	202.68	165801
2023-09-11	202.15	206.28	199.52	200.91	196180
2023-09-12	201.64	207.15	197.04	203.35	203765
2023-09-13	203.37	203.83	201.72	203.42	203607
2023-09-14	202.02	211.01	196.85	198.75	86422
2023-09-15	198.87	199.38	195.00	199.16	199245
2023-09-18	198.16	202.79	193.24	195.82	165213
2023-09-19	194.21	201.85	187.13	190.44	62474
2023-09-20	190.11	191.85	186.00	189.32	211732
2023-09-21	188.30	195.60	183.97	185.93	172304
2023-09-22	186.21	187.19	184.68	186.85	124562
2023-09-25	186.29	191.49	184.59	184.99	285884
2023-09-26	185.95	188.69	181.19	188.17	107004
2023-09-27	188.84	193.09	185.32	190.42	105621
2023-09-28	190.46	190.94	189.93	190.57	239173
2023-09-29	191.58	195.41	184.86	193.93	61377
2023-10-02	195.28	200.06	188.16	198.42	228081
2023-10-03	198.46	198.90	196.62	198.58	65940
2023-10-04	198.58	198.86	197.55	198.58	168336
2023-10-05	199.13	200.68	195.88	200.39	14687
2023-10-06	200.82	203.50	197.91	201.82	84345
2023-10-09	202.24	205.89	198.93	203.22	14153
2023-10-10	204.17	209.85	197.83	206.38	48614
2023-10-11	205.63	212.05	203.20	203.90	250176
2023-10-12	205.13	211.21	199.15	208.01	295063
2023-10-13	208.37	210.55	206.02	209.22	166038
2023-10-16	209.61	210.85	206.72	210.53	256022
2023-10-17	210.16	212.21	205.24	209.30	157719
2023-10-18	207.52	216.43	200.76	203.37	204583
2023-10-19	202.02	209.87	197.57	198.89	287821
2023-10-20	200.15	204.63	193.92	203.09	194932
2023-10-23	204.66	212.38	193.92	208.31	183580
2023-10-24	208.98	211.79	205.44	210.57	13918
2023-10-25	209.61	217.65	205.38	207.39	21696
2023-10-26	207.40	210.75	207.08	207.43	71213
2023-10-27	208.55	211.77	199.75	211.17	193496
2023-10-30	212.80	219.47	204.74	216.61	54576
2023-10-31	217.66	223.45	211.64	220.12	124992
2023-11-01	220.85	225.40	217.37	222.55	273555
2023-11-02	222.67	225.14	218.37	222.93	218878
2023-11-03	221.71	229.51	218.28	218.85	281088
2023-11-06	219.69	224.49	213.23	221.65	147851
2023-11-07	222.20	227.37	216.97	223.46	225835
2023-11-08	224.14	230.03	220.68	225.72	296653
2023-11-09	225.87	226.79	222.70	226.20	87476
2023-11-10	226.44	228.48	224.00	227.02	135863
2023-11-13	227.33	232.59	223.67	228.06	232450
2023-11-14	228.88	231.40	224.38	230.78	92282
2023-11-15	232.69	240.89	222.63	237.15	23281
2023-11-16	237.65	243.10	233.14	238.81	188561
2023-11-17	239.92	242.79	232.58	242.50	153712
2023-11-20	243.57	246.46	235.73	246.06	32633
2023-11-21	247.77	253.88	238.05	251.74	154580
2023-11-22	253.88	262.24	241.75	258.86	6168
2023-11-23	260.63	266.52	251.83	264.76	148356
2023-11-24	264.12	268.00	257.41	262.64	235658
2023-11-27	260.29	275.68	251.43	254.79	290724
2023-11-28	253.92	262.78	248.90	251.89	189153
2023-11-29	252.09	253.62	247.66	252.54	16641
2023-11-30	253.37	260.03	248.41	255.29	249549
2023-12-01	257.38	263.78	248.02	262.24	96042
2023-12-04	262.27	263.03	258.22	262.35	178988
2023-12-05	263.10	268.99	257.51	264.84	202690
2023-12-06	264.10	268.19	260.05	262.36	67210
2023-12-07	260.04	274.14	250.39	254.61	298816
2023-12-08	254.92	256.97	248.72	255.65	224959
2023-12-11	253.84	263.31	245.02	249.62	21596
2023-12-12	251.47	259.98	242.30	255.79	256544
2023-12-13	257.95	266.38	244.84	262.99	46436
2023-12-14	263.26	265.18	258.82	263.91	165742
2023-12-15	266.07	271.95	252.68	271.12	38886
2023-12-18	272.45	276.46	263.62	275.56	45011
2023-12-19	277.21	281.40	268.34	281.05	132344
2023-12-20	283.46	293.83	269.31	289.06	232394
2023-12-21	290.13	297.37	280.92	292.62	106895
2023-12-22	292.23	295.44	290.06	291.33	37990
2023-12-25	289.09	299.61	278.51	283.87	228191
2023-12-26	284.87	290.58	275.95	287.19	172949
2023-12-27	287.27	290.39	282.82	287.46	132101
2023-12-28	289.77	299.44	276.04	295.17	263291
2023-12-29	296.36	304.62	287.83	299.15	221088
2024-01-01	300.23	303.26	293.67	302.77	83329
2024-01-02	301.25	311.26	294.14	297.70	194806
2024-01-03	298.86	305.73	290.53	301.57	37456
2024-01-04	302.13	303.96	296.94	303.46	177621
2024-01-05	301.71	311.59	295.06	297.63	114577
2024-01-08	300.15	307.96	288.25	306.03	298590
2024-01-09	308.50	319.28	294.47	314.26	244052
2024-01-10	314.73	320.58	310.19	315.83	156576
2024-01-11	317.94	325.54	303.27	322.85	57783
2024-01-12	321.38	331.89	312.48	317.94	241966
2024-01-15	320.44	329.68	304.30	326.27	196212
2024-01-16	325.19	333.40	322.21	322.67	251604
2024-01-17	323.00	329.82	316.85	323.78	104661
2024-01-18	324.96	331.02	314.04	327.73	210649
2024-01-19	328.29	332.43	323.12	329.60	248918
2024-01-22	331.21	339.24	318.23	334.95	250831
2024-01-23	335.85	339.00	330.63	337.95	121983
2024-01-24	337.30	345.47	334.96	335.78	275415
2024-01-25	334.81	340.01	325.99	332.54	236673
2024-01-26	332.59	333.62	331.42	332.72	282972
2024-01-29	335.37	348.22	318.33	341.55	125239
2024-01-30	341.40	346.16	335.29	341.04	237623
2024-01-31	341.39	348.77	333.74	342.19	208337
2024-02-01	339.70	351.76	332.21	333.90	198322
2024-02-02	336.34	345.68	323.88	342.02	192650
2024-02-05	342.89	349.25	338.25	344.93	28115
2024-02-06	345.06	348.08	342.10	345.36	225191
2024-02-07	345.26	350.64	342.11	345.03	219122
2024-02-08	345.99	353.44	340.98	348.23	182623
2024-02-09	349.94	355.61	339.79	353.93	8086
2024-02-12	352.39	361.25	348.31	348.81	70287
2024-02-13	350.46	360.02	339.68	354.33	106777
2024-02-14	354.49	356.47	350.15	354.86	231835
2024-02-15	355.51	363.55	349.12	357.03	193106
2024-02-16	358.21	363.20	352.18	360.96	147077
2024-02-19	363.22	369.02	346.49	368.50	57475
2024-02-20	368.21	372.88	365.60	367.53	266233
2024-02-21	365.23	377.40	355.11	359.86	263674
2024-02-22	361.03	364.30	352.51	363.76	29714
2024-02-23	366.21	375.25	351.17	371.91	219500
2024-02-26	371.64	376.59	364.96	371.01	55677
2024-02-27	370.05	375.35	364.55	367.80	155521
2024-02-28	370.12	380.78	353.55	375.53	16686
2024-02-29	377.69	389.05	365.73	382.74	298691
2024-03-01	384.02	390.18	376.93	387.02	45572
2024-03-04	387.99	391.17	376.77	390.24	40678
2024-03-05	393.63	408.13	372.71	401.55	34751
2024-03-06	402.59	411.18	396.32	405.00	196931
2024-03-07	403.91	414.57	400.60	401.38	294285
2024-03-08	402.14	409.70	393.30	403.92	164996
2024-03-11	405.67	411.40	392.31	409.77	266905
2024-03-12	411.53	417.18	401.10	415.63	262174
2024-03-13	416.43	426.11	408.13	418.29	188049
2024-03-14	421.39	431.02	402.87	428.61	187078
2024-03-15	430.06	436.69	416.31	433.44	81517
2024-03-18	431.97	446.61	428.12	428.57	89843
2024-03-19	429.64	435.79	422.21	432.14	238390
2024-03-20	433.68	445.94	423.83	437.28	296586
2024-03-21	436.38	444.56	426.14	434.28	162183
2024-03-22	437.86	447.73	416.46	446.21	257861
2024-03-25	444.15	454.54	433.21	439.35	231429
2024-03-26	442.99	455.58	422.64	451.50	52657
2024-03-27	454.91	463.70	436.10	462.87	152710
2024-03-28	462.75	466.94	460.62	462.46	138306
2024-03-29	466.40	485.09	440.65	475.59	77371
2024-04-01	478.39	493.44	460.05	484.93	204731
2024-04-02	485.09	488.02	476.94	485.46	233987
2024-04-03	489.70	506.78	469.04	499.58	273902
2024-04-04	502.59	513.19	480.05	509.61	90654
2024-04-05	511.43	522.72	498.53	515.67	230435
2024-04-08	512.88	531.35	496.68	506.37	58394
2024-04-09	501.97	531.20	482.17	491.70	29438
2024-04-10	494.51	503.85	478.74	501.06	67783
2024-04-11	497.14	522.81	478.81	487.99	187802
2024-04-12	488.79	495.51	482.45	490.66	264483
2024-04-15	492.69	500.90	481.98	497.41	89948
2024-04-16	499.93	510.15	487.43	505.78	32177
2024-04-17	507.59	515.17	493.01	511.79	9004
2024-04-18	512.01	518.25	507.07	512.51	204183
2024-04-19	516.77	531.86	493.89	526.71	250651
2024-04-22	530.86	541.85	512.23	540.52	18046
2024-04-23	541.37	544.78	529.58	543.35	98658
2024-04-24	545.43	550.89	531.45	550.28	182028
2024-04-25	547.37	567.06	533.68	540.55	174367
2024-04-26	542.47	553.60	533.56	546.94	27438
2024-04-29	547.76	556.27	534.06	549.68	280822
2024-04-30	553.41	572.01	527.05	562.10	193097
2024-05-01	566.24	587.38	537.85	575.88	145805
2024-05-02	577.03	583.09	561.31	579.69	186894
2024-05-03	583.03	601.99	564.45	590.83	16287
2024-05-06	594.97	613.04	569.13	604.64	9945
2024-05-07	606.28	614.46	596.18	610.11	157862
2024-05-08	611.87	616.65	593.98	616.00	225246
2024-05-09	619.53	629.07	593.88	627.77	296275
2024-05-10	632.91	647.89	599.11	644.91	213283
2024-05-13	646.93	662.83	634.01	651.63	184574
2024-05-14	652.28	660.41	648.00	653.80	113999
2024-05-15	650.31	671.28	640.43	642.18	15137
2024-05-16	646.96	668.36	616.24	658.12	165019
2024-05-17	660.06	665.37	648.79	664.59	223830
2024-05-20	670.27	691.00	635.94	683.53	283687
2024-05-21	684.63	695.03	671.71	687.20	179343
2024-05-22	692.91	709.92	657.40	706.22	264290
2024-05-23	706.54	720.57	692.15	707.30	38896
2024-05-24	701.45	733.28	683.37	687.82	211164
2024-05-27	691.45	712.27	662.98	699.92	37487
2024-05-28	706.06	731.52	667.17	720.39	46764
2024-05-29	716.13	740.04	698.24	706.19	292936
2024-05-30	710.35	729.68	689.02	720.07	94029
2024-05-31	725.34	747.11	691.27	737.63	28899
2024-06-03	741.16	759.15	721.00	749.41	165912
2024-06-04	752.47	763.36	730.38	759.63	13975
2024-06-05	762.19	783.05	750.01	768.19	297017
2024-06-06	767.20	773.09	762.19	764.91	46933
2024-06-07	768.00	781.13	751.10	775.23	57810
2024-06-10	772.28	795.09	750.87	765.40	224271
2024-06-11	767.80	786.73	754.14	773.42	79549
2024-06-12	776.16	785.63	753.40	782.57	229382
2024-06-13	787.90	807.71	757.31	800.34	193299
2024-06-14	803.56	816.35	778.19	811.06	158757
2024-06-17	816.89	837.20	776.87	830.47	58464
2024-06-18	830.79	842.06	825.11	831.52	80441
2024-06-19	829.19	850.19	816.65	823.76	52541
2024-06-20	820.33	850.25	797.03	812.33	89487
2024-06-21	816.81	838.83	785.47	827.25	12921
2024-06-24	823.59	843.02	812.29	815.06	244015
2024-06-25	820.82	849.76	793.84	834.24	92748
2024-06-26	834.67	849.18	826.96	835.66	248076
2024-06-27	840.79	864.20	814.02	852.76	195621
2024-06-28	848.46	882.68	834.86	838.41	112088
2024-07-01	840.24	851.53	821.91	844.52	221085
2024-07-02	850.85	872.28	820.16	865.62	192701
2024-07-03	866.41	869.72	858.95	868.25	116719
2024-07-04	867.27	880.00	857.33	864.98	71602
2024-07-05	869.48	887.17	837.08	879.99	173194
2024-07-08	885.84	910.29	849.73	899.47	86138
2024-07-09	904.78	928.04	865.79	917.18	245617
2024-07-10	911.59	938.29	884.76	898.56	271849
2024-07-11	906.59	929.27	870.85	925.32	173069
2024-07-12	929.88	943.69	898.61	940.52	247646
2024-07-15	942.28	961.59	929.35	946.36	292424
2024-07-16	944.28	955.98	930.81	939.43	211202
2024-07-17	945.37	970.12	904.78	959.25	216227
2024-07-18	965.26	986.09	928.12	979.30	24971
2024-07-19	986.96	1017.60	950.89	1004.84	11779
2024-07-22	1007.22	1017.22	977.24	1012.78	247741
2024-07-23	1004.37	1045.38	969.95	984.73	35991
2024-07-24	987.47	1001.44	974.16	993.86	272248
2024-07-25	998.92	1018.61	970.94	1010.74	275185
2024-07-26	1010.91	1019.94	995.17	1011.31	86471
2024-07-29	1017.51	1045.66	988.97	1031.97	51611
2024-07-30	1025.00	1067.48	1006.51	1008.73	87532
2024-07-31	1010.99	1036.12	992.18	1016.26	30343
2024-08-01	1017.13	1037.33	997.46	1019.18	247768
2024-08-02	1020.28	1037.21	1003.22	1022.84	165491
2024-08-05	1029.03	1053.12	984.09	1043.46	212598
2024-08-06	1047.78	1069.99	1019.59	1057.86	27985
2024-08-07	1065.63	1102.08	1020.75	1083.75	299559
2024-08-08	1075.20	1118.53	1050.64	1055.24	42077
2024-08-09	1055.27	1075.99	1053.26	1055.34	211243
2024-08-12	1058.14	1075.76	1026.39	1064.68	129818
2024-08-13	1068.24	1082.50	1047.58	1076.56	210632
2024-08-14	1077.34	1100.29	1067.22	1079.16	82106
2024-08-15	1080.80	1099.84	1059.18	1084.64	17865
2024-08-16	1084.45	1095.42	1065.28	1084.01	178339
2024-08-19	1088.46	1117.77	1059.61	1098.84	290900
2024-08-20	1098.26	1111.66	1077.12	1096.91	201824
2024-08-21	1104.80	1129.81	1060.00	1123.19	236148
2024-08-22	1130.99	1168.74	1076.19	1149.20	140074
2024-08-23	1152.85	1162.99	1115.29	1161.39	276816
2024-08-26	1167.27	1202.95	1139.74	1181.01	24057
2024-08-27	1189.49	1216.42	1143.27	1209.29	65306
2024-08-28	1216.07	1248.56	1183.99	1231.87	41776
2024-08-29	1239.10	1263.87	1188.91	1255.98	244236
2024-08-30	1260.72	1292.48	1232.88	1271.77	146281
2024-09-02	1279.18	1301.58	1234.12	1296.45	115094
2024-09-03	1293.48	1328.51	1273.31	1286.55	244924
2024-09-04	1290.33	1300.55	1261.07	1299.14	259624
2024-09-05	1301.13	1312.23	1289.71	1305.78	62640
2024-09-06	1317.11	1368.75	1259.53	1343.56	36381
2024-09-09	1343.94	1348.35	1326.51	1344.84	164658
2024-09-10	1355.56	1387.43	1294.92	1380.56	65105
2024-09-11	1386.38	1421.29	1335.51	1399.98	93122
2024-09-12	1403.16	1422.25	1381.39	1410.59	98600
2024-09-13	1418.92	1448.22	1371.70	1438.35	147691
2024-09-16	1449.66	1484.36	1378.92	1476.06	73013
2024-09-17	1468.78	1515.29	1429.49	1451.82	28583
2024-09-18	1453.95	1472.42	1417.71	1458.91	118810
2024-09-19	1467.99	1504.10	1413.41	1489.17	164919
2024-09-20	1478.20	1541.07	1449.47	1452.60	289620
2024-09-23	1464.24	1499.14	1406.36	1491.40	137992
2024-09-24	1494.77	1532.30	1452.26	1502.64	219734
2024-09-25	1515.99	1549.86	1449.76	1547.13	41293
2024-09-26	1545.30	1558.12	1531.51	1541.03	50556
2024-09-27	1548.18	1594.93	1508.65	1564.84	177678
2024-09-30	1572.47	1595.34	1526.45	1590.27	214688
2024-10-01	1598.78	1628.08	1547.63	1618.64	142939
2024-10-02	1630.16	1683.63	1573.77	1657.03	118133
2024-10-03	1650.37	1712.40	1609.30	1634.84	267227
2024-10-04	1636.00	1660.41	1606.44	1638.72	154360
2024-10-07	1648.11	1675.80	1598.87	1670.02	101308
2024-10-08	1662.72	1704.15	1632.29	1645.68	157342
2024-10-09	1634.21	1713.61	1584.98	1607.45	168635
2024-10-10	1617.18	1671.42	1569.50	1639.89	116307
2024-10-11	1643.64	1663.15	1597.51	1652.37	243179
2024-10-14	1647.30	1698.32	1614.94	1635.47	131380
2024-10-15	1639.44	1652.03	1606.75	1648.71	108505
2024-10-16	1654.08	1682.00	1605.59	1666.61	175326
2024-10-17	1667.21	1677.96	1631.68	1668.60	84226
2024-10-18	1670.27	1677.73	1650.80	1674.14	151820
2024-10-21	1683.68	1720.52	1623.20	1705.93	58453
2024-10-22	1707.38	1725.89	1688.41	1710.79	178863
2024-10-23	1712.32	1739.99	1693.84	1715.91	44788
2024-10-24	1723.40	1759.59	1668.55	1740.87	190371
2024-10-25	1756.13	1802.82	1665.36	1791.73	135724
2024-10-28	1804.45	1865.30	1743.39	1834.12	9409
2024-10-29	1847.57	1885.90	1766.79	1878.94	293762
2024-10-30	1878.77	1907.95	1852.39	1878.38	285002
2024-10-31	1879.44	1904.19	1851.23	1881.89	86740
2024-11-01	1886.00	1926.74	1855.74	1895.57	252590
2024-11-04	1904.32	1936.63	1845.00	1924.76	263945
2024-11-05	1911.23	2002.64	1872.58	1879.67	128153
2024-11-06	1894.08	1955.91	1817.73	1927.72	129565
2024-11-07	1922.37	1979.13	1874.05	1909.90	179982
2024-11-08	1912.29	1931.00	1872.33	1917.87	79074
2024-11-11	1926.87	1973.82	1860.60	1947.85	68302
2024-11-12	1958.21	2012.66	1886.80	1982.37	72055
2024-11-13	1984.87	2005.03	1969.42	1990.70	230849
2024-11-14	1983.42	2050.87	1935.29	1966.44	104614
2024-11-15	1963.90	2006.78	1930.15	1957.97	98694
2024-11-18	1968.23	2011.93	1891.38	1992.19	151844
2024-11-19	1999.32	2052.33	1935.95	2015.98	146284
2024-11-20	2016.49	2056.15	2007.17	2017.68	160598
2024-11-21	2003.23	2069.27	1933.18	1969.51	200652
2024-11-22	1983.37	2025.56	1915.91	2015.69	294627
2024-11-25	2021.45	2061.61	1978.27	2034.87	248789
2024-11-26	2036.53	2069.80	2014.26	2040.41	124732
2024-11-27	2046.28	2073.50	1980.45	2059.97	202480
2024-11-28	2070.77	2100.41	2002.29	2095.99	254162
2024-11-29	2078.59	2187.51	1999.06	2037.97	296953
2024-12-02	2051.52	2091.50	1974.78	2083.13	53289
2024-12-03	2070.58	2137.86	2033.49	2041.28	139317
2024-12-04	2056.04	2101.56	1974.67	2090.49	269638
2024-12-05	2104.28	2174.40	2028.07	2136.46	241942
2024-12-06	2132.78	2168.76	2089.33	2124.18	17925
2024-12-09	2106.25	2219.16	2023.86	2064.39	131481
2024-12-10	2070.35	2089.45	2026.27	2084.27	11489
2024-12-11	2098.34	2158.49	2004.73	2131.17	176528
2024-12-12	2141.99	2186.10	2092.65	2167.22	23850
2024-12-13	2167.59	2174.62	2144.53	2168.43	285177
2024-12-16	2184.11	2229.27	2105.17	2220.69	102336
2024-12-17	2210.35	2279.63	2170.48	2186.23	27647
2024-12-18	2202.61	2257.85	2107.23	2240.85	139938
2024-12-19	2245.17	2300.23	2182.95	2255.26	80335
2024-12-20	2256.48	2271.36	2232.05	2259.35	60100
2024-12-23	2264.34	2291.62	2226.55	2275.97	218443
2024-12-24	2274.17	2294.07	2239.26	2269.99	291980
2024-12-25	2288.28	2350.01	2166.22	2330.96	238181
2024-12-26	2345.92	2399.30	2257.58	2380.83	273961
2024-12-27	2389.11	2439.79	2350.39	2408.44	97738
2024-12-30	2409.91	2435.99	2365.63	2413.32	236167
2024-12-31	2422.90	2473.27	2356.40	2445.25	8247
2025-01-01	2451.94	2501.60	2394.12	2467.54	120144
2025-01-02	2449.38	2575.40	2378.00	2407.03	79271
2025-01-03	2418.23	2487.43	2334.68	2444.38	196988
2025-01-06	2454.53	2509.08	2397.21	2478.19	249280
2025-01-07	2476.10	2531.89	2438.04	2471.22	291600
2025-01-08	2485.50	2523.34	2381.79	2518.83	184129
2025-01-09	2527.34	2551.09	2451.90	2547.20	68558
2025-01-10	2568.85	2623.28	2443.40	2619.38	158643
2025-01-13	2617.89	2667.89	2572.62	2614.40	33861
2025-01-14	2614.58	2618.77	2589.35	2615.01	236299
2025-01-15	2617.03	2673.08	2595.82	2621.73	217604
2025-01-16	2607.25	2691.92	2531.95	2573.47	6393
2025-01-17	2563.25	2639.06	2498.29	2539.41	122108
2025-01-20	2534.31	2569.81	2498.03	2522.40	264673
2025-01-21	2528.08	2571.51	2497.05	2541.34	44223
2025-01-22	2555.57	2640.05	2451.19	2588.77	269949
2025-01-23	2608.56	2661.36	2478.72	2654.75	5541
2025-01-24	2656.45	2685.68	2621.09	2660.42	108690
2025-01-27	2666.24	2693.59	2629.51	2679.81	105706
2025-01-28	2687.12	2752.99	2647.77	2704.19	174110
2025-01-29	2706.73	2720.30	2669.02	2712.66	107139
2025-01-30	2733.05	2809.13	2593.17	2780.64	256647
2025-01-31	2761.15	2883.09	2674.68	2715.68	254890
2025-02-03	2717.48	2742.21	2680.27	2721.68	17691
2025-02-04	2728.95	2792.39	2662.05	2745.92	255790
2025-02-05	2744.02	2779.56	2708.43	2739.58	49392
2025-02-06	2758.66	2815.57	2673.06	2803.18	43076
2025-02-07	2825.77	2897.39	2710.74	2878.48	74933
2025-02-10	2852.67	2983.07	2763.50	2792.45	13623
2025-02-11	2767.43	2892.84	2657.99	2709.04	120717
2025-02-12	2712.51	2746.36	2670.99	2720.61	150514
2025-02-13	2739.11	2794.97	2632.85	2782.27	205534
2025-02-14	2781.48	2821.93	2763.44	2779.65	260386
2025-02-17	2801.59	2899.02	2680.07	2852.78	226894
2025-02-18	2873.82	2959.67	2762.81	2922.91	29894
2025-02-19	2932.50	2958.28	2882.37	2954.88	256740
2025-02-20	2936.98	3058.01	2876.29	2895.20	186377
2025-02-21	2885.51	2974.24	2828.98	2862.89	26822
2025-02-24	2864.55	2898.16	2839.50	2868.44	150527
2025-02-25	2890.74	2955.04	2753.35	2942.77	85565
2025-02-26	2933.48	3008.82	2865.74	2911.80	241775
2025-02-27	2907.58	2973.91	2843.19	2897.74	223461
2025-02-28	2884.96	2992.65	2826.60	2855.13	45992
2025-03-03	2840.81	2925.21	2752.04	2807.39	32076
2025-03-04	2794.73	2854.11	2712.61	2765.17	104382
2025-03-05	2789.86	2868.15	2655.98	2847.46	158444
2025-03-06	2858.18	2889.38	2777.93	2883.17	51000
2025-03-07	2896.14	2958.64	2832.65	2926.39	194896
2025-03-10	2918.60	2985.48	2888.15	2900.43	35884
2025-03-11	2918.30	3016.52	2833.35	2959.99	84998
2025-03-12	2948.30	3007.45	2870.67	2921.03	110640
2025-03-13	2925.46	2950.57	2896.62	2935.79	65337
2025-03-14	2948.97	2987.05	2836.80	2979.73	172129
2025-03-17	2973.28	3054.55	2900.41	2958.22	270951
2025-03-18	2975.63	3056.07	2847.64	3016.25	127143
2025-03-19	3022.48	3093.53	2953.98	3037.01	36944
2025-03-20	3064.15	3176.90	2895.75	3127.46	40655
2025-03-21	3146.80	3200.12	3045.27	3191.93	218097
2025-03-24	3192.28	3242.46	3153.09	3193.09	128259
2025-03-25	3199.60	3221.53	3121.05	3214.79	256306
2025-03-26	3234.99	3341.89	3094.88	3282.13	44114
2025-03-27	3257.23	3374.86	3156.74	3199.11	238793
2025-03-28	3224.26	3330.88	3063.49	3282.94	20664
2025-03-31	3293.70	3354.62	3239.65	3318.81	57229
2025-04-01	3343.92	3422.55	3201.99	3402.49	170810
2025-04-02	3428.90	3515.44	3302.35	3490.51	242161
2025-04-03	3492.59	3519.99	3414.85	3497.45	101048
2025-04-04	3500.07	3535.53	3469.25	3506.19	297165
2025-04-07	3512.49	3592.80	3466.25	3527.18	62586
2025-04-08	3545.34	3644.17	3417.70	3587.72	13906
2025-04-09	3567.46	3665.65	3499.85	3520.18	157220
2025-04-10	3533.16	3632.80	3416.47	3563.43	84713
2025-04-11	3560.29	3636.94	3523.08	3552.96	282872
2025-04-14	3577.12	3678.37	3465.97	3633.47	65776
2025-04-15	3639.28	3723.71	3593.21	3652.84	258353
2025-04-16	3666.59	3740.65	3558.88	3698.68	264644
2025-04-17	3727.51	3842.02	3548.18	3794.79	211582
2025-04-18	3810.16	3909.16	3722.41	3846.03	31967
2025-04-21	3868.33	3963.19	3713.41	3920.36	85934
2025-04-22	3937.62	4041.86	3793.56	3977.89	171028
2025-04-23	3950.61	4080.77	3864.41	3886.95	298956
2025-04-24	3916.06	3990.64	3774.87	3983.97	86337
2025-04-25	4012.57	4155.94	3839.74	4079.28	171935
2025-04-28	4092.70	4206.36	3982.01	4124.00	85635
2025-04-29	4140.13	4207.36	4056.91	4177.78	284078
2025-04-30	4187.80	4251.82	4130.45	4211.19	65692
2025-05-01	4204.88	4313.20	4177.26	4190.16	62828
2025-05-02	4210.48	4280.42	4062.97	4257.88	9141
2025-05-05	4279.60	4357.22	4137.16	4330.30	172230
2025-05-06	4355.94	4438.42	4225.74	4415.76	269421
2025-05-07	4416.08	4455.14	4345.61	4416.83	218359
2025-05-08	4421.78	4456.70	4349.27	4433.33	236253
2025-05-09	4434.62	4513.95	4387.36	4437.64	187437
2025-05-12	4448.20	4488.45	4391.70	4472.84	211760
2025-05-13	4471.27	4534.02	4416.05	4467.61	259897
2025-05-14	4484.82	4603.69	4370.59	4524.98	228742
2025-05-15	4545.34	4627.78	4450.95	4592.87	166842
2025-05-16	4621.80	4707.18	4484.11	4689.32	151068
2025-05-19	4707.09	4778.83	4577.61	4748.56	283713
2025-05-20	4783.76	4944.96	4588.29	4865.90	165632
2025-05-21	4901.61	5012.01	4716.23	4984.96	49581
2025-05-22	4998.11	5079.49	4890.51	5028.80	69353
2025-05-23	5028.25	5055.90	5001.77	5026.98	123681
2025-05-26	4997.04	5186.77	4867.62	4927.19	70344
2025-05-27	4894.48	5092.60	4761.69	4818.14	108337
2025-05-28	4854.49	4967.31	4645.02	4939.29	54288
2025-05-29	4917.02	5054.89	4780.35	4865.06	249150
2025-05-30	4835.98	5009.01	4696.40	4768.12	118372
2025-06-02	4752.41	4827.23	4700.10	4715.75	88679
2025-06-03	4748.38	4868.93	4560.34	4824.51	59038
2025-06-04	4824.65	4852.19	4809.92	4824.96	290066
2025-06-05	4866.75	4982.64	4619.89	4964.26	123281
2025-06-06	4985.99	5077.24	4850.63	5036.69	14729
2025-06-09	5025.98	5126.79	4906.81	5001.00	66428
2025-06-10	5015.56	5095.84	4901.45	5049.54	179407
2025-06-11	5086.97	5208.97	4905.77	5174.33	298193
2025-06-12	5220.35	5398.80	4951.98	5327.73	66762
2025-06-13	5336.40	5405.28	5200.04	5356.64	58739
2025-06-16	5336.97	5499.45	5232.55	5291.07	9025
2025-06-17	5302.47	5414.68	5158.49	5329.07	111221
2025-06-18	5350.72	5465.38	5241.90	5401.24	170435
2025-06-19	5447.46	5612.88	5158.49	5555.31	76736
2025-06-20	5560.38	5604.48	5456.74	5572.22	31397
2025-06-23	5566.79	5672.55	5498.67	5554.11	169942
2025-06-24	5507.02	5763.27	5347.65	5397.16	240578
2025-06-25	5441.39	5580.01	5216.52	5544.61	266854
2025-06-26	5585.32	5723.77	5332.88	5680.31	169396
2025-06-27	5654.53	5796.16	5575.56	5594.37	199617
2025-06-30	5634.43	5748.28	5438.39	5727.89	277366
2025-07-01	5771.79	5889.84	5477.96	5874.24	125481
2025-07-02	5916.44	6104.97	5666.65	6014.89	112657
2025-07-03	6027.50	6095.90	5891.63	6056.91	144791
2025-07-04	6056.34	6150.28	6010.02	6055.01	23780
2025-07-07	6087.16	6222.56	5907.85	6162.18	224970
2025-07-08	6191.39	6307.91	6007.66	6259.54	122703
2025-07-09	6295.96	6494.29	6105.71	6380.96	191737
2025-07-10	6412.32	6602.88	6203.31	6485.51	162163
2025-07-11	6521.38	6622.53	6325.98	6605.09	5611
2025-07-14	6654.23	6847.86	6389.69	6768.89	125243
2025-07-15	6798.70	6968.35	6603.57	6868.25	94123
2025-07-16	6913.32	7073.31	6619.56	7018.49	154758
2025-07-17	7057.10	7210.68	6841.51	7147.19	63080
2025-07-18	7151.94	7256.26	7002.77	7163.01	32314
2025-07-21	7143.08	7307.59	6973.20	7096.58	78702
2025-07-22	7040.35	7377.01	6853.56	6909.13	19384
2025-07-23	6958.28	7084.39	6711.66	7072.96	252852
2025-07-24	7074.77	7192.99	6936.97	7079.00	277335
2025-07-25	7061.05	7256.78	6975.08	7019.17	299681
2025-07-28	7057.06	7163.07	6777.42	7145.48	101669
2025-07-29	7162.60	7314.32	6995.19	7202.56	116176
2025-07-30	7242.84	7422.68	7001.14	7336.83	267705
2025-07-31	7340.02	7466.60	7314.99	7347.47	11444
2025-08-01	7403.58	7623.52	7052.58	7534.51	75011
2025-08-04	7582.12	7830.50	7321.25	7693.23	98060
2025-08-05	7638.52	7928.20	7390.64	7510.85	180358
2025-08-06	7536.09	7733.75	7389.50	7594.99	65414
2025-08-07	7612.36	7788.61	7465.75	7652.89	63524
2025-08-08	7705.20	7949.69	7366.86	7827.26	146724
2025-08-11	7798.47	8036.50	7686.29	7731.30	147719
2025-08-12	7687.46	7998.04	7497.85	7585.18	14954
2025-08-13	7632.01	7879.25	7318.56	7741.27	212545
2025-08-14	7692.19	8007.25	7475.71	7577.68	288744
2025-08-15	7550.14	7752.25	7421.00	7485.88	215026
2025-08-18	7540.86	7690.96	7217.11	7669.15	265674
2025-08-19	7701.24	7873.36	7486.34	7776.12	105102
2025-08-20	7803.03	7914.34	7639.18	7865.83	181164
2025-08-21	7916.42	8057.35	7677.58	8034.46	279273
2025-08-22	8071.29	8269.70	7859.83	8157.22	95437
2025-08-25	8164.06	8340.73	8018.81	8180.01	142566
2025-08-26	8235.30	8483.86	7841.55	8364.29	159107
2025-08-27	8312.75	8693.31	8035.02	8192.48	146393
2025-08-28	8229.22	8478.12	7962.34	8314.95	201010
2025-08-29	8334.52	8492.64	8110.53	8380.19	226838
2025-09-01	8447.61	8767.37	8126.11	8604.95	22162
2025-09-02	8660.18	8836.67	8341.03	8789.05	244535
2025-09-03	8768.91	8905.13	8588.42	8721.91	44965
2025-09-04	8762.84	8932.07	8427.72	8858.34	280212
2025-09-05	8832.15	8999.07	8687.15	8771.03	18052
2025-09-08	8807.13	9015.56	8478.44	8891.36	115805
2025-09-09	8938.18	9091.05	8661.64	9047.45	5214
2025-09-10	9033.47	9129.64	8894.07	9000.87	13759
2025-09-11	9075.86	9430.02	8633.13	9250.83	27783
2025-09-12	9173.13	9551.63	8922.15	8991.82	230670
2025-09-15	9031.96	9198.26	8763.30	9125.64	192786
2025-09-16	9170.35	9434.81	8946.01	9274.66	63173
2025-09-17	9284.45	9347.10	9095.05	9307.29	194346
2025-09-18	9330.58	9558.58	9127.75	9384.94	195397
2025-09-19	9395.29	9430.22	9237.07	9419.45	15564
2025-09-22	9494.09	9709.29	8987.56	9668.25	165381
2025-09-23	9725.34	9919.51	9407.20	9858.55	167159
2025-09-24	9873.00	10044.33	9722.59	9906.70	183106
2025-09-25	9916.91	10032.82	9774.37	9940.74	12293
2025-09-26	10027.38	10391.75	9627.28	10229.56	108237
2025-09-29	10312.68	10699.86	9870.05	10506.63	252710
2025-09-30	10555.31	10832.58	10212.51	10668.90	82160
2025-10-01	10619.21	10880.09	10335.07	10503.26	230409
2025-10-02	10509.18	10540.60	10364.83	10523.00	251575
2025-10-03	10598.49	10905.94	10176.94	10774.62	266516
2025-10-06	10829.32	11009.58	10405.74	10956.93	140055
2025-10-07	10876.91	11394.97	10575.42	10690.20	33211
2025-10-08	10654.56	10873.50	10549.00	10571.38	99881
2025-10-09	10545.62	10668.78	10425.74	10485.52	25842
2025-10-10	10564.91	10824.07	10113.24	10750.15	295762
2025-10-13	10672.83	11036.57	10308.34	10492.42	133219
2025-10-14	10516.21	10747.95	10332.42	10571.72	292398
2025-10-15	10519.70	10826.39	10230.90	10398.31	21886
2025-10-16	10414.17	10471.64	10262.00	10451.17	77329
2025-10-17	10421.71	10694.82	10294.06	10352.97	232437
2025-10-20	10440.99	10766.44	9918.28	10646.38	152878
2025-10-21	10719.68	11072.09	10282.52	10890.71	184189
2025-10-22	10981.28	11219.73	10524.00	11192.62	219190
2025-10-23	11190.81	11336.08	11032.04	11186.58	270238
2025-10-24	11209.25	11302.30	11024.66	11262.14	72457
2025-10-27	11302.57	11586.13	10983.98	11396.91	29459
2025-10-28	11408.25	11501.55	11136.35	11434.71	119994
2025-10-29	11505.51	11874.38	11170.27	11670.71	136381
2025-10-30	11718.20	11891.31	11435.14	11829.00	197347
2025-10-31	11930.69	12211.26	11446.99	12167.99	34330
2025-11-03	12167.83	12370.63	11984.57	12167.48	297238
2025-11-04	12148.78	12372.32	11919.08	12105.16	228414
2025-11-05	12196.57	12523.28	11672.37	12409.86	243144
2025-11-06	12447.28	12689.58	12097.76	12534.58	255358
2025-11-07	12646.97	12942.61	12096.61	12909.20	113704
2025-11-10	12951.59	13298.85	12677.13	13050.51	263555
2025-11-11	13068.90	13225.82	12926.14	13111.80	20542
2025-11-12	13180.91	13385.53	12828.56	13342.17	166739
2025-11-13	13274.63	13755.94	12938.20	13117.03	258086
2025-11-14	13021.68	13645.54	12659.14	12799.19	56213
2025-11-17	12906.00	13326.36	12242.58	13155.24	117645
2025-11-18	13077.99	13590.93	12810.89	12897.75	18663
2025-11-19	12974.05	13170.15	12443.73	13152.09	83329
2025-11-20	13263.01	13768.90	12539.26	13521.80	86619
2025-11-21	13607.38	13853.89	13184.36	13807.07	27668
2025-11-24	13911.08	14297.92	13442.06	14153.75	156274
2025-11-25	14046.07	14675.96	13714.77	13794.80	138804
2025-11-26	13868.23	14198.42	13287.88	14039.56	261282
2025-11-27	14080.99	14292.27	13691.85	14177.63	80754
2025-11-28	14232.68	14532.99	13748.23	14361.12	21777
2025-12-01	14443.17	14810.20	13907.61	14634.65	132456
2025-12-02	14721.95	15050.82	14221.86	14925.64	51906
2025-12-03	14881.12	15140.43	14672.00	14777.22	119080
2025-12-04	14650.90	15290.21	14080.70	14356.16	241423
2025-12-05	14317.03	14534.33	14137.63	14225.71	51531
2025-12-08	14234.80	14327.69	14003.26	14256.02	11306
2025-12-09	14317.99	14638.19	13859.98	14462.58	51441
2025-12-10	14386.93	14995.25	14004.90	14210.41	232197
2025-12-11	14221.01	14476.81	14155.25	14245.76	63535
2025-12-12	14356.31	14886.00	13858.76	14614.28	204698
2025-12-15	14639.10	14735.73	14511.24	14697.01	197285
2025-12-16	14823.20	15317.28	14245.49	15117.64	77678
2025-12-17	15222.70	15647.03	14743.31	15467.84	74829
2025-12-18	15382.48	16057.01	14898.53	15183.30	17230
2025-12-19	15088.39	15518.59	14784.17	14866.91	215932
2025-12-22	14890.30	15155.47	14647.18	14944.87	243067
2025-12-23	15069.80	15453.70	14321.45	15361.31	148850
2025-12-24	15488.46	15880.64	14831.92	15785.14	165335
2025-12-25	15789.42	15859.46	15582.06	15799.40	99130
2025-12-26	15841.54	16078.73	15496.80	15939.87	271295
2025-12-29	15812.67	16483.14	15231.93	15515.89	286653
2025-12-30	15525.29	15647.86	15282.67	15547.23	142513
2025-12-31	15612.20	15916.88	15062.12	15763.80	64246
2026-01-01	15795.37	15927.67	15376.07	15869.04	142197
2026-01-02	16007.90	16510.17	15110.41	16331.89	52596
2026-01-05	16464.95	16885.29	15691.85	16775.42	131977
2026-01-06	16843.45	17069.89	16412.07	17002.19	85138
2026-01-07	16859.27	17507.14	16236.56	16525.77	132707
2026-01-08	16550.56	16736.09	16232.95	16608.39	202916
2026-01-09	16691.74	16984.39	16271.71	16886.21	65513
2026-01-12	16800.43	17388.19	16467.24	16600.29	256575
2026-01-13	16601.50	16854.10	16393.73	16604.32	146421
2026-01-14	16704.57	17250.54	16219.20	16938.50	43312
2026-01-15	16971.66	17145.94	16641.64	17049.04	99603
2026-01-16	17117.32	17530.22	16777.23	17276.65	269402
2026-01-19	17228.04	17757.27	16840.51	17114.61	48125
2026-01-20	17180.25	17497.06	16861.84	17333.41	77549
2026-01-21	17353.91	17594.78	17225.29	17401.73	128218
2026-01-22	17432.70	17531.92	17097.82	17504.97	129386
2026-01-23	17580.45	17859.25	17004.76	17756.58	173612
2026-01-26	17616.37	18511.41	17227.01	17289.23	285266
2026-01-27	17359.37	17663.11	16863.52	17523.02	5361
2026-01-28	17624.25	18093.32	17104.56	17860.45	241227
2026-01-29	17903.19	18164.78	17678.41	18002.91	29869
2026-01-30	18163.13	18770.94	17378.38	18536.98	286486
2026-02-02	18546.60	18728.79	18432.21	18569.04	197197
2026-02-03	18619.41	19070.07	18152.09	18736.93	194664
2026-02-04	18866.97	19216.17	18061.49	19170.41	56290
2026-02-05	19188.21	19578.28	18762.53	19229.73	249719
2026-02-06	19236.20	19414.77	18859.89	19251.29	127885
2026-02-09	19285.54	19599.10	19044.66	19365.47	115120
2026-02-10	19196.78	20178.57	18687.83	18803.16	250985
2026-02-11	18872.78	19296.25	18330.66	19035.22	47055
2026-02-12	19154.14	19581.09	18336.73	19431.61	214280
2026-02-13	19532.86	19792.24	18929.42	19769.11	53479
2026-02-16	19811.30	20071.76	19350.45	19909.73	98375
2026-02-17	19952.17	20317.41	19441.26	20051.19	157675
2026-02-18	20143.36	20673.46	19527.43	20358.43	194114
2026-02-19	20378.29	20581.14	20131.17	20424.63	119150
2026-02-20	20413.86	20725.38	20319.14	20388.74	272155
2026-02-23	20568.62	21349.77	19658.41	20988.34	46051
2026-02-24	21103.17	21569.92	20193.81	21371.12	143252
2026-02-25	21378.10	21676.48	21228.31	21394.40	10417
2026-02-26	21581.16	22196.34	20531.08	22016.95	177809
2026-02-27	21891.82	22835.92	21548.44	21599.84	147201
2026-03-02	21719.01	22336.01	21030.43	21997.07	272009
2026-03-03	22005.30	22064.72	21594.53	22024.51	234940
2026-03-04	22090.19	22596.74	21499.75	22243.46	188624
2026-03-05	22333.93	22957.79	21510.10	22545.05	26472
2026-03-06	22618.12	22930.88	22031.57	22788.62	207753
2026-03-09	22759.86	23076.90	22266.78	22692.74	13094
2026-03-10	22870.50	23371.22	21792.87	23285.27	25962
2026-03-11	23292.52	23440.46	22978.18	23309.42	252204
2026-03-12	23470.18	24077.41	22373.45	23845.29	30367
2026-03-13	23830.55	24346.95	23332.42	23796.15	110908
2026-03-16	23917.82	24282.62	23069.24	24201.70	211833
2026-03-17	24378.67	24962.65	23227.25	24791.60	267091
2026-03-18	24907.54	25412.13	23941.90	25178.06	134682
2026-03-19	25338.97	25952.13	24561.94	25714.43	33270
2026-03-20	25847.87	26390.85	24842.83	26159.24	273726
2026-03-23	26329.49	27143.15	25441.57	26726.73	109955
2026-03-24	26758.02	27295.68	26559.08	26831.04	175437
2026-03-25	27024.57	27640.49	25829.18	27476.13	179325
2026-03-26	27640.71	28316.26	26522.28	28024.73	153024
2026-03-27	28071.57	28249.55	27559.28	28180.86	197630
2026-03-30	28371.27	29023.14	27449.89	28815.55	264431
2026-03-31	28900.86	29582.14	28013.59	29099.92	216372
2026-04-01	29209.08	29913.97	28617.13	29463.79	77475
2026-04-02	29501.43	30056.20	29306.92	29589.26	19424
2026-04-03	29765.12	30574.49	28937.35	30175.44	31920
2026-04-06	30043.34	30830.02	29431.16	29735.13	226195
2026-04-07	29930.39	30656.51	28711.21	30385.99	218788
2026-04-08	30650.67	31563.64	29283.19	31268.25	233189
2026-04-09	31034.77	32547.95	30250.93	30490.00	204864
2026-04-10	30667.43	31514.39	29302.92	31081.42	276437
2026-04-13	30993.98	31817.11	30225.12	30789.97	89125
2026-04-14	30559.65	31589.79	29748.86	30022.24	18974
2026-04-15	30282.34	31031.02	28596.01	30889.25	39330
2026-04-16	30620.89	32411.57	29673.79	29994.73	235221
2026-04-17	30174.91	30725.28	29081.07	30595.31	152417
2026-04-20	30769.69	31385.55	29458.75	31176.60	236547
2026-04-21	31358.55	32298.48	30236.47	31783.11	221984
2026-04-22	32063.50	32954.10	30703.56	32717.75	289329
2026-04-23	32865.42	33490.58	31996.06	33209.99	50146
2026-04-24	33057.75	33903.06	32243.88	32702.50	299309
2026-04-27	32852.64	33803.46	32022.50	33202.97	112654
2026-04-28	33181.36	33426.35	32869.47	33130.94	21539
2026-04-29	33373.98	33987.97	31965.05	33941.07	243773
2026-04-30	33987.10	34695.96	33307.13	34094.52	63012
2026-05-01	33901.71	34792.97	33024.15	33451.83	227887