Date	Open	High	Low	Close	Volume
2022-11-21	10.76	11.01	10.55	10.86	92430
2022-11-22	10.84	11.02	10.74	10.80	167047
2022-11-23	10.88	11.08	10.38	11.06	140134
2022-11-24	10.97	11.58	10.66	10.77	51413
2022-11-25	10.86	11.20	10.42	11.08	123400
2022-11-28	11.02	11.49	10.78	10.87	112277
2022-11-29	10.94	11.12	10.50	11.09	222852
2022-11-30	11.04	11.39	10.90	10.92	131334
2022-12-01	11.01	11.32	10.51	11.23	295917
2022-12-02	11.33	11.65	10.83	11.55	265915
2022-12-05	11.57	11.76	11.31	11.60	295261
2022-12-06	11.69	12.03	11.30	11.89	284885
2022-12-07	11.99	12.37	11.33	12.23	155238
2022-12-08	12.32	12.62	11.78	12.52	194557
2022-12-09	12.47	12.81	12.28	12.36	61877
2022-12-12	12.38	12.63	12.27	12.42	290076
2022-12-13	12.46	12.69	12.15	12.55	137790
2022-12-14	12.55	12.72	12.35	12.57	269528
2022-12-15	12.48	13.05	12.16	12.27	70233
2022-12-16	12.21	12.66	11.83	12.05	216685
2022-12-19	12.08	12.38	11.92	12.15	33952
2022-12-20	12.06	12.47	11.71	11.87	158700
2022-12-21	11.86	12.12	11.59	11.83	191482
2022-12-22	11.79	12.15	11.55	11.70	163803
2022-12-23	11.74	11.98	11.57	11.82	193645
2022-12-26	11.82	11.93	11.74	11.84	248882
2022-12-27	11.89	12.16	11.46	12.01	8244
2022-12-28	11.93	12.30	11.56	11.75	282975
2022-12-29	11.77	11.90	11.45	11.83	116499
2022-12-30	11.80	12.17	11.49	11.72	56692
2023-01-02	11.73	11.83	11.47	11.77	138747
2023-01-03	11.82	12.05	11.51	11.93	195572
2023-01-04	12.04	12.35	11.43	12.28	239358
2023-01-05	12.35	12.76	11.85	12.52	257739
2023-01-06	12.60	12.79	12.07	12.77	95016
2023-01-09	12.73	13.00	12.63	12.66	225594
2023-01-10	12.62	12.82	12.36	12.54	296288
2023-01-11	12.51	12.83	12.38	12.46	172892
2023-01-12	12.48	12.67	12.17	12.53	220732
2023-01-13	12.58	12.73	12.36	12.68	231499
2023-01-16	12.80	13.23	12.29	13.06	49098
2023-01-17	13.14	13.50	12.63	13.32	226117
2023-01-18	13.40	13.83	12.84	13.58	199905
2023-01-19	13.55	13.89	13.30	13.47	216539
2023-01-20	13.51	13.77	13.09	13.63	231063
2023-01-23	13.68	13.92	13.41	13.81	96185
2023-01-24	13.82	14.03	13.75	13.85	155878
2023-01-25	13.91	14.31	13.47	14.07	48327
2023-01-26	14.15	14.61	13.77	14.35	174628
2023-01-27	14.37	14.63	14.20	14.41	60973
2023-01-30	14.54	14.89	13.88	14.84	44394
2023-01-31	14.93	15.19	14.33	15.15	102530
2023-02-01	15.15	15.27	14.96	15.17	197156
2023-02-02	15.20	15.50	15.00	15.27	277034
2023-02-03	15.23	15.70	14.84	15.13	24400
2023-02-06	15.24	15.70	14.75	15.49	266538
2023-02-07	15.62	16.11	14.77	15.92	53036
2023-02-08	15.97	16.37	15.62	16.10	70038
2023-02-09	16.24	16.64	15.63	16.55	96492
2023-02-10	16.61	16.98	16.16	16.74	179190
2023-02-13	16.87	17.49	16.10	17.17	84728
2023-02-14	17.17	17.50	16.85	17.18	167357
2023-02-15	17.28	17.66	16.77	17.51	269797
2023-02-16	17.38	18.25	16.95	17.09	260643
2023-02-17	17.19	17.54	16.52	17.43	231019
2023-02-20	17.48	17.77	17.07	17.62	57699
2023-02-21	17.63	17.96	17.48	17.66	195776
2023-02-22	17.72	18.15	17.31	17.87	58155
2023-02-23	17.75	18.37	17.22	17.48	226554
2023-02-24	17.59	18.00	16.80	17.85	186993
2023-02-27	17.87	17.93	17.69	17.90	166092
2023-02-28	17.97	18.42	17.47	18.11	21411
2023-03-01	18.20	18.53	17.68	18.39	70665
2023-03-02	18.48	19.07	17.87	18.70	59605
2023-03-03	18.80	19.26	18.22	19.03	172126
2023-03-06	19.09	19.54	18.49	19.24	106360
2023-03-07	19.22	19.54	19.16	19.18	292069
2023-03-08	19.28	19.55	18.65	19.50	249460
2023-03-09	19.58	19.89	19.07	19.76	115586
2023-03-10	19.89	20.50	19.27	20.20	154080
2023-03-13	20.34	20.69	19.44	20.67	8951
2023-03-14	20.82	21.34	19.76	21.18	221462
2023-03-15	21.14	21.70	20.90	21.04	255734
2023-03-16	21.16	21.54	20.60	21.44	281989
2023-03-17	21.57	22.22	20.97	21.88	240572
2023-03-20	22.01	22.64	21.24	22.30	145543
2023-03-21	22.43	22.82	21.45	22.72	260543
2023-03-22	22.59	23.60	22.03	22.28	213165
2023-03-23	22.43	22.82	21.72	22.79	234460
2023-03-24	22.81	23.12	22.66	22.88	291976
2023-03-27	23.02	23.49	22.00	23.35	179989
2023-03-28	23.42	23.66	22.74	23.58	85411
2023-03-29	23.59	24.04	23.33	23.59	50538
2023-03-30	23.72	24.11	22.72	24.03	22137
2023-03-31	23.93	24.58	23.37	23.72	140049
2023-04-03	23.81	24.26	23.25	24.00	24998
2023-04-04	24.12	24.59	23.35	24.41	87838
2023-04-05	24.51	25.22	23.78	24.75	41840
2023-04-06	24.94	25.80	23.73	25.37	206645
2023-04-07	25.44	25.92	24.94	25.59	72356
2023-04-10	25.55	25.94	25.35	25.46	5663
2023-04-11	25.41	25.75	25.14	25.30	241286
2023-04-12	25.52	26.47	24.23	26.05	174200
2023-04-13	26.24	26.74	25.32	26.69	59316
2023-04-14	26.56	27.47	25.92	26.26	125753
2023-04-17	26.45	27.42	25.14	26.90	219406
2023-04-18	27.07	27.52	26.05	27.47	299930
2023-04-19	27.28	28.19	26.73	26.82	232677
2023-04-20	26.73	27.38	26.46	26.51	50836
2023-04-21	26.34	27.40	25.80	25.93	120378
2023-04-24	25.93	26.00	25.74	25.93	196874
2023-04-25	25.94	26.06	25.44	25.94	290945
2023-04-26	26.12	26.59	25.13	26.53	240933
2023-04-27	26.69	27.60	25.82	27.07	193477
2023-04-28	27.20	27.76	26.26	27.51	226093
2023-05-01	27.72	28.23	26.51	28.20	133355
2023-05-02	28.28	28.71	27.48	28.47	263926
2023-05-03	28.68	29.27	27.57	29.18	226831
2023-05-04	29.37	30.01	28.00	29.82	45225
2023-05-05	30.08	30.96	28.80	30.67	267869
2023-05-08	30.85	31.88	29.91	31.28	139598
2023-05-09	31.50	32.25	30.21	32.00	213826
2023-05-10	31.99	32.28	31.89	31.97	259394
2023-05-11	31.97	32.45	31.53	31.98	101450
2023-05-12	31.96	32.12	31.40	31.92	180508
2023-05-15	32.16	33.33	30.59	32.71	210174
2023-05-16	33.00	34.30	31.29	33.68	9449
2023-05-17	33.77	34.12	33.09	34.00	67336
2023-05-18	34.09	34.86	33.23	34.32	33646
2023-05-19	34.29	34.62	33.90	34.23	296176
2023-05-22	34.37	35.20	33.43	34.68	50657
2023-05-23	34.53	35.40	34.14	34.18	20101
2023-05-24	34.21	34.40	33.92	34.29	159335
2023-05-25	34.53	35.73	32.84	35.11	178850
2023-05-26	35.18	35.78	34.72	35.35	123084
2023-05-29	35.61	36.42	34.27	36.24	155828
2023-05-30	36.48	37.09	35.11	37.05	207148
2023-05-31	36.84	37.82	35.88	36.35	14257
2023-06-01	36.08	37.81	35.14	35.46	127918
2023-06-02	35.75	37.05	33.85	36.44	269798
2023-06-05	36.67	37.56	35.04	37.22	137597
2023-06-06	37.29	37.90	36.78	37.43	202441
2023-06-07	37.22	38.74	36.00	36.73	94612
2023-06-08	36.76	36.94	36.14	36.84	219693
2023-06-09	36.88	37.17	36.10	36.96	127381
2023-06-12	37.14	37.68	35.77	37.58	55782
2023-06-13	37.38	38.91	36.57	36.90	291865
2023-06-14	37.00	37.95	35.88	37.25	141258
2023-06-15	37.28	37.42	36.80	37.36	169965
2023-06-16	37.20	38.65	36.19	36.83	296360
2023-06-19	36.88	37.39	36.51	37.00	267465
2023-06-20	37.28	38.63	35.50	37.96	282623
2023-06-21	38.06	38.96	37.52	38.31	167643
2023-06-22	38.22	39.03	37.53	37.99	15500
2023-06-23	38.05	38.23	37.46	38.18	180123
2023-06-26	38.24	38.60	37.74	38.40	146112
2023-06-27	38.55	39.64	37.73	38.92	23544
2023-06-28	39.24	40.71	37.12	40.00	291537
2023-06-29	40.18	40.68	38.98	40.61	204698
2023-06-30	40.44	41.52	39.71	40.04	229227
2023-07-03	40.36	41.84	38.63	41.09	29310
2023-07-04	41.10	41.39	40.47	41.12	275021
2023-07-05	41.30	42.50	40.03	41.72	36137
2023-07-06	41.99	43.29	40.46	42.60	199913
2023-07-07	42.96	44.67	40.85	43.80	244613
2023-07-10	43.43	45.36	42.51	42.59	130977
2023-07-11	42.68	43.55	41.91	42.89	92523
2023-07-12	43.18	44.53	41.79	43.87	249839
2023-07-13	43.79	44.71	42.94	43.61	163501
2023-07-14	43.86	44.57	41.94	44.46	166718
2023-07-17	44.58	45.00	43.81	44.84	94499
2023-07-18	44.84	45.00	44.03	44.84	234373
2023-07-19	45.14	46.07	43.40	45.85	97172
2023-07-20	45.90	46.82	45.47	46.03	71672
2023-07-21	46.34	47.66	44.44	47.08	280544
2023-07-24	47.48	48.90	44.98	48.39	148111
2023-07-25	48.80	50.02	46.59	49.75	172961
2023-07-26	49.50	50.72	48.00	48.91	122104
2023-07-27	49.29	50.63	47.40	50.19	84694
2023-07-28	49.82	52.40	48.78	48.96	161171
2023-07-31	49.32	50.24	47.30	50.16	243092
2023-08-01	50.39	51.75	48.66	50.93	12747
2023-08-02	50.92	51.44	50.51	50.89	264687
2023-08-03	51.29	52.29	48.95	52.22	161680
2023-08-04	52.28	53.19	51.89	52.40	287322
2023-08-07	52.67	53.38	51.43	53.28	223532
2023-08-08	52.89	55.42	51.83	52.00	77411
2023-08-09	52.45	54.22	49.58	53.48	202105
2023-08-10	53.89	55.45	51.82	54.86	262514
2023-08-11	55.20	56.47	53.27	56.00	288437
2023-08-14	55.79	56.83	54.39	55.29	228148
2023-08-15	55.33	55.81	54.60	55.42	143395
2023-08-16	55.92	57.48	53.35	57.07	297185
2023-08-17	57.26	58.09	56.00	57.71	56433
2023-08-18	57.97	59.50	56.65	58.57	227616
2023-08-21	58.87	59.77	56.48	59.54	182225
2023-08-22	59.20	60.93	57.31	58.40	265569
2023-08-23	58.66	59.99	56.73	59.26	245351
2023-08-24	59.46	60.44	57.77	59.92	102464
2023-08-25	60.14	61.77	58.28	60.63	299387
2023-08-28	60.54	61.46	59.91	60.35	60126
2023-08-29	60.37	60.54	59.42	60.43	135453
2023-08-30	60.23	61.67	59.25	59.75	189257
2023-08-31	59.98	60.85	58.31	60.51	115574
2023-09-01	60.99	62.69	57.89	62.13	72506
2023-09-04	62.66	64.75	59.98	63.90	269155
2023-09-05	64.19	65.83	61.99	64.88	287990
2023-09-06	64.98	66.40	64.39	65.23	298345
2023-09-07	65.47	66.73	63.48	66.04	216231
2023-09-08	66.28	67.86	64.95	66.86	281222
2023-09-11	67.12	68.60	65.82	67.75	283620
2023-09-12	68.18	70.06	65.87	69.19	53308
2023-09-13	69.53	71.34	67.38	70.32	45668
2023-09-14	70.52	71.12	69.40	70.97	253044
2023-09-15	71.08	72.36	69.26	71.34	36053
2023-09-18	71.74	73.47	69.34	72.68	148919
2023-09-19	73.05	74.79	71.16	73.91	179500
2023-09-20	73.86	74.68	72.77	73.76	161384
2023-09-21	74.27	76.06	71.33	75.47	239599
2023-09-22	74.97	78.12	73.19	73.83	265610
2023-09-25	74.02	75.64	72.92	74.46	146490
2023-09-26	74.38	75.19	73.46	74.18	18706
2023-09-27	74.61	76.64	72.40	75.60	221349
2023-09-28	75.65	77.14	74.80	75.75	58904
2023-09-29	75.91	76.87	74.35	76.29	37325
2023-10-02	76.21	77.50	75.78	76.00	134609
2023-10-03	76.16	77.75	75.07	76.51	49635
2023-10-04	77.05	78.61	73.79	78.32	245391
2023-10-05	78.83	80.65	76.18	80.04	137327
2023-10-06	80.38	82.26	78.54	81.16	148999
2023-10-09	81.09	82.64	79.38	80.94	234293
2023-10-10	81.08	82.03	79.16	81.39	227706
2023-10-11	81.91	84.33	79.22	83.12	212092
2023-10-12	83.37	84.95	80.78	83.96	227862
2023-10-13	84.37	85.83	81.83	85.34	243878
2023-10-16	86.10	88.64	81.83	87.86	264924
2023-10-17	88.08	88.84	85.72	88.59	246172
2023-10-18	88.97	90.23	85.77	89.84	143171
2023-10-19	90.52	93.75	86.14	92.09	92466
2023-10-20	92.13	93.29	90.67	92.21	182975
2023-10-23	92.82	96.02	89.58	94.25	86770
2023-10-24	94.66	96.22	92.67	95.62	23833
2023-10-25	96.12	98.16	93.19	97.28	225475
2023-10-26	97.13	98.99	96.36	96.79	134294
2023-10-27	97.65	101.14	92.53	99.65	190561
2023-10-30	100.19	102.60	97.32	101.44	49310
2023-10-31	100.97	103.55	98.56	99.88	13816
2023-11-01	100.22	101.45	98.39	101.02	185103
2023-11-02	100.12	106.04	97.18	98.03	297912
2023-11-03	97.80	100.02	95.89	97.27	290560
2023-11-06	97.01	99.18	94.49	96.41	269072
2023-11-07	95.61	100.75	93.53	93.73	37948
2023-11-08	94.03	96.60	92.56	94.74	168168
2023-11-09	95.08	97.80	93.08	95.90	279420
2023-11-10	96.15	97.98	94.76	96.72	30187
2023-11-13	96.21	98.75	93.54	95.03	74516
2023-11-14	95.17	97.06	93.19	95.48	189580
2023-11-15	96.07	99.16	92.88	97.43	139542
2023-11-16	96.97	99.14	95.60	95.92	200748
2023-11-17	96.46	99.35	93.38	97.73	56770
2023-11-20	97.86	98.48	95.90	98.16	135805
2023-11-21	98.95	101.12	95.25	100.80	246386
2023-11-22	101.28	104.33	98.74	102.41	293515
2023-11-23	102.58	104.42	101.37	102.98	70713
2023-11-24	103.71	106.75	99.42	105.42	167410
2023-11-27	106.19	108.90	101.32	107.99	159323
2023-11-28	108.85	111.92	103.43	110.85	20738
2023-11-29	110.86	112.71	108.61	110.88	101934
2023-11-30	111.33	112.77	108.13	112.38	179001
2023-12-01	112.72	114.11	110.11	113.51	290347
2023-12-04	113.51	114.01	113.21	113.52	66503
2023-12-05	114.28	116.56	108.87	116.06	198991
2023-12-06	117.00	121.29	112.43	119.19	71054
2023-12-07	119.78	123.12	115.67	121.15	270988
2023-12-08	122.24	127.11	116.88	124.78	18524
2023-12-11	123.97	129.20	121.49	122.06	265449
2023-12-12	123.03	125.75	118.00	125.28	49724
2023-12-13	125.85	128.69	122.64	127.19	122999
2023-12-14	128.04	131.28	123.71	130.04	132867
2023-12-15	130.49	132.56	126.01	131.55	11125
2023-12-18	131.47	133.61	129.03	131.27	283258
2023-12-19	132.22	137.05	126.26	134.43	180309
2023-12-20	134.83	138.19	131.88	135.76	122909
2023-12-21	136.74	140.46	129.87	139.03	186212
2023-12-22	139.41	142.77	137.07	140.31	230026
2023-12-25	140.51	142.70	137.70	140.98	140941
2023-12-26	141.99	144.94	135.59	144.33	274621
2023-12-27	144.64	147.22	141.37	145.36	203961
2023-12-28	144.48	150.87	140.67	142.42	182128
2023-12-29	142.69	143.83	140.73	143.35	161512
2024-01-01	142.08	149.14	137.07	139.13	55068
2024-01-02	139.96	143.88	134.16	141.89	87825
2024-01-03	142.44	145.49	137.65	143.71	222712
2024-01-04	143.61	146.79	140.59	143.39	254183
2024-01-05	142.63	147.63	138.73	140.85	111780
2024-01-08	140.28	143.80	138.19	138.95	250501
2024-01-09	137.79	143.60	134.18	135.07	219061
2024-01-10	135.96	138.44	131.69	138.04	196203
2024-01-11	138.31	141.63	134.77	138.93	28841
2024-01-12	139.51	143.04	136.83	140.86	167341
2024-01-15	141.52	145.61	136.48	143.05	32634
2024-01-16	142.09	147.55	137.64	139.85	271075
2024-01-17	140.10	143.39	137.90	140.68	69306
2024-01-18	140.48	142.74	138.40	140.00	166670
2024-01-19	139.65	142.03	136.16	138.84	298653
2024-01-22	139.67	142.19	134.51	141.60	168656
2024-01-23	142.72	147.31	136.70	145.34	264214
2024-01-24	145.86	147.44	142.09	147.09	197850
2024-01-25	148.07	150.69	140.99	150.36	62009
2024-01-26	150.51	152.63	146.90	150.85	239463
2024-01-29	150.19	155.94	148.14	148.64	281662
2024-01-30	149.09	150.57	145.71	150.14	156694
2024-01-31	149.12	153.87	146.36	146.73	274764
2024-02-01	147.48	151.42	143.33	149.22	135733
2024-02-02	149.57	152.96	146.02	150.37	256041
2024-02-05	151.39	154.75	146.26	153.77	66887
2024-02-06	154.57	156.66	150.18	156.43	9069
2024-02-07	157.44	160.58	152.12	159.79	75344
2024-02-08	160.94	164.35	155.61	163.62	75630
2024-02-09	163.03	167.22	161.32	161.65	195639
2024-02-12	162.93	167.97	157.23	165.89	259181
2024-02-13	166.43	168.34	163.81	167.67	221854
2024-02-14	167.32	171.09	163.74	166.50	63913
2024-02-15	167.72	172.64	161.44	170.58	80543
2024-02-16	171.17	173.32	167.89	172.55	90572
2024-02-19	171.62	178.91	166.17	169.44	201213
2024-02-20	170.38	176.01	164.20	172.58	205312
2024-02-21	173.53	177.09	166.69	175.73	184103
2024-02-22	174.92	178.86	172.01	173.04	252448
2024-02-23	172.58	178.03	169.61	171.50	122784
2024-02-26	170.46	177.05	166.86	168.02	274244
2024-02-27	169.38	173.09	161.05	172.53	242835
2024-02-28	172.78	174.21	170.48	173.36	40145
2024-02-29	174.82	178.69	166.52	178.20	208212
2024-03-01	179.45	183.17	172.36	182.36	255314
2024-03-04	183.94	190.86	175.10	187.64	230465
2024-03-05	186.47	195.35	180.70	183.75	237479
2024-03-06	183.28	187.19	181.48	182.19	243158
2024-03-07	183.72	187.67	176.01	187.29	232910
2024-03-08	186.74	192.64	184.31	185.44	207325
2024-03-11	185.87	189.22	180.83	186.89	52520
2024-03-12	185.82	193.57	182.58	183.32	167790
2024-03-13	183.66	186.67	179.19	184.46	202314
2024-03-14	184.08	186.48	181.27	183.19	286733
2024-03-15	183.56	188.10	178.84	184.43	49226
2024-03-18	185.54	191.35	177.99	188.14	283396
2024-03-19	189.17	194.97	183.58	191.57	197627
2024-03-20	192.98	196.83	185.19	196.27	16219
2024-03-21	195.47	200.24	191.60	193.62	245289
2024-03-22	194.46	199.80	190.17	196.41	55630
2024-03-25	197.78	202.96	190.59	200.97	5881
2024-03-26	202.35	207.97	194.40	205.59	288404
2024-03-27	205.97	208.41	200.65	206.85	38023
2024-03-28	205.55	214.41	202.02	202.51	164188
2024-03-29	203.38	207.70	198.48	205.40	164874
2024-04-01	206.52	211.90	198.01	209.13	81688
2024-04-02	209.56	214.38	203.79	210.55	10373
2024-04-03	211.30	213.45	205.97	213.05	214231
2024-04-04	212.03	217.82	205.52	209.63	295556
2024-04-05	210.77	217.40	202.85	213.43	138548
2024-04-08	213.48	217.83	210.38	213.58	166742
2024-04-09	214.33	219.27	209.45	216.09	210520
2024-04-10	217.26	223.89	209.79	219.99	176973
2024-04-11	221.90	230.51	211.74	226.36	104804
2024-04-12	226.45	229.91	225.25	226.64	289243
2024-04-15	227.88	231.93	218.95	230.78	84087
2024-04-16	229.39	236.26	222.67	226.16	148369
2024-04-17	227.19	229.92	222.14	229.60	54253
2024-04-18	228.10	235.91	220.73	224.61	205875
2024-04-19	225.53	228.28	219.21	227.67	170612
2024-04-22	228.51	231.58	222.19	230.47	274522
2024-04-23	228.95	238.03	221.89	225.40	282702
2024-04-24	225.55	228.59	222.65	225.89	36915
2024-04-25	227.21	233.07	218.03	230.28	230743
2024-04-26	232.03	238.96	221.97	236.11	107924
2024-04-29	237.14	240.02	229.27	239.55	123952
2024-04-30	241.43	247.88	231.62	245.81	103542
2024-05-01	246.37	252.21	240.98	247.68	227038
2024-05-02	248.41	253.51	244.23	250.10	257261
2024-05-03	250.59	253.74	243.91	251.74	16882
2024-05-06	253.49	261.47	244.11	257.55	191297
2024-05-07	259.12	267.20	251.91	262.77	182316
2024-05-08	263.58	269.88	259.09	265.47	28390
2024-05-09	265.95	268.61	259.26	267.05	255261
2024-05-10	267.71	274.63	263.85	269.26	106455
2024-05-13	270.39	273.32	261.65	273.03	157781
2024-05-14	274.63	280.04	263.62	278.37	83921
2024-05-15	279.71	284.85	273.26	282.84	111416
2024-05-16	283.15	289.08	278.27	283.89	151663
2024-05-17	285.39	292.08	275.90	288.88	130059
2024-05-20	291.37	299.69	277.10	297.17	72184
2024-05-21	298.82	307.60	286.74	302.67	208758
2024-05-22	302.79	304.24	297.71	303.05	214579
2024-05-23	303.67	307.11	296.79	305.13	56958
2024-05-24	306.21	312.45	297.23	308.74	85827
2024-05-27	305.98	321.46	294.94	299.56	209346
2024-05-28	297.42	308.14	291.36	292.42	32656
2024-05-29	293.06	300.03	288.46	294.56	105458
2024-05-30	294.98	298.28	287.44	295.95	267036
2024-05-31	298.41	305.24	282.67	304.16	66369
2024-06-03	305.35	310.26	297.21	308.14	59469
2024-06-04	310.69	317.30	298.91	316.64	296139
2024-06-05	319.21	328.77	304.44	325.19	117699
2024-06-06	327.04	336.96	318.06	331.38	16404
2024-06-07	328.93	345.58	322.32	323.21	202378
2024-06-10	324.12	331.13	317.92	326.23	190237
2024-06-11	326.65	333.09	319.40	327.63	153502
2024-06-12	329.45	336.10	319.39	333.69	44778
2024-06-13	336.32	345.29	319.46	342.47	168605
2024-06-14	344.83	353.54	329.73	350.35	84124
2024-06-17	351.19	359.15	343.45	353.13	225811
2024-06-18	354.52	364.28	347.98	357.75	117042
2024-06-19	360.14	368.35	347.12	365.72	11517
2024-06-20	368.19	380.27	350.50	373.93	232867
2024-06-21	371.29	386.71	361.11	365.12	143205
2024-06-24	366.20	372.17	355.77	368.73	221283
2024-06-25	369.20	370.77	362.69	370.30	148426
2024-06-26	373.44	387.62	356.90	380.78	217971
2024-06-27	381.85	390.24	371.82	384.32	89959
2024-06-28	387.29	396.25	371.80	394.22	68452
2024-07-01	395.14	399.01	385.43	397.29	63977
2024-07-02	394.97	406.59	383.15	389.57	123220
2024-07-03	390.83	397.73	382.79	393.76	201271
2024-07-04	390.89	404.47	380.60	384.19	73866
2024-07-05	387.12	400.90	370.53	393.98	100841
2024-07-08	395.54	402.53	385.61	399.19	208999
2024-07-09	397.29	411.68	390.18	392.85	157752
2024-07-10	394.43	403.76	382.77	398.12	5867
2024-07-11	398.47	406.77	393.49	399.29	11745
2024-07-12	402.06	413.81	384.97	408.54	163355
2024-07-15	409.48	416.80	399.84	411.68	221733
2024-07-16	414.93	423.30	399.32	422.53	238583
2024-07-17	422.68	425.01	420.49	423.04	256467
2024-07-18	424.78	431.70	416.11	428.85	256733
2024-07-19	430.58	441.08	417.88	434.60	56568
2024-07-22	437.75	450.90	420.01	445.11	42317
2024-07-23	441.44	459.28	425.80	432.88	152823
2024-07-24	431.43	446.20	421.10	428.04	86720
2024-07-25	430.40	438.52	417.16	435.90	125452
2024-07-26	438.11	448.56	421.15	443.26	60779
2024-07-29	445.12	456.59	430.70	449.46	115685
2024-07-30	452.30	462.25	435.37	458.91	281558
2024-07-31	462.73	474.21	438.47	471.63	33826
2024-08-01	474.61	490.64	452.49	481.55	55658
2024-08-02	484.29	491.75	463.76	490.70	236222
2024-08-05	488.56	506.47	476.32	483.57	16861
2024-08-06	486.70	495.75	467.59	494.01	115531
2024-08-07	495.67	502.79	482.91	499.56	51421
2024-08-08	501.31	508.32	483.85	505.41	95400
2024-08-09	502.43	522.69	493.43	495.47	266343
2024-08-12	491.68	514.07	479.66	482.84	237513
2024-08-13	486.81	504.20	460.27	496.06	224593
2024-08-14	497.97	510.97	485.24	502.44	200231
2024-08-15	505.64	519.77	489.21	513.10	5936
2024-08-16	513.13	514.65	508.84	513.21	136056
2024-08-19	515.98	524.80	494.11	522.46	119486
2024-08-20	521.50	530.16	516.83	519.27	104684
2024-08-21	521.57	535.58	507.88	526.93	166120
2024-08-22	528.27	532.63	514.36	531.40	62409
2024-08-23	532.53	543.35	524.21	535.18	191882
2024-08-26	539.53	554.57	519.19	549.68	268277
2024-08-27	552.63	563.97	531.12	559.50	280033
2024-08-28	560.04	564.77	547.23	561.29	280418
2024-08-29	564.54	582.46	546.49	572.12	216642
2024-08-30	575.62	585.15	554.32	583.77	126673
2024-09-02	579.82	597.70	566.28	570.62	112059
2024-09-03	574.22	583.60	554.19	582.61	120139
2024-09-04	578.07	609.48	557.08	567.46	93292
2024-09-05	569.08	577.07	553.26	572.85	177109
2024-09-06	576.77	588.48	551.62	585.89	215052
2024-09-09	590.19	608.87	568.74	600.22	177562
2024-09-10	604.07	619.60	583.44	613.05	222250
2024-09-11	614.84	627.64	600.32	619.03	127585
2024-09-12	619.73	630.98	611.46	621.36	190475
2024-09-13	625.24	635.48	603.96	634.30	192332
2024-09-16	637.95	652.17	613.31	646.44	36671
2024-09-17	649.53	662.56	628.82	656.74	24755
2024-09-18	662.49	679.26	627.48	675.90	135110
2024-09-19	680.89	695.78	653.04	692.53	261752
2024-09-20	698.48	726.08	663.87	712.37	152246
2024-09-23	715.16	734.71	690.44	721.67	157737
2024-09-24	722.10	727.50	706.42	723.11	88031
2024-09-25	723.24	734.46	714.79	723.56	39702
2024-09-26	725.69	739.40	708.80	730.66	173414
2024-09-27	736.11	752.83	699.74	748.83	258658
2024-09-30	751.96	769.52	724.53	759.26	46232
2024-10-01	765.80	785.75	735.76	781.08	208924
2024-10-02	783.49	791.30	762.42	789.13	81768
2024-10-03	783.57	814.96	763.90	770.58	274825
2024-10-04	766.92	790.47	752.82	758.38	86351
2024-10-07	756.34	766.37	749.49	751.56	183358
2024-10-08	753.31	759.05	744.66	757.38	195156
2024-10-09	763.19	788.06	730.83	776.76	186907
2024-10-10	782.32	804.34	745.02	795.29	255372
2024-10-11	801.26	830.95	770.50	815.17	110548
2024-10-14	812.81	825.23	797.11	807.31	187328
2024-10-15	808.25	811.80	800.57	810.43	169776
2024-10-16	803.40	842.84	777.27	786.99	7328
2024-10-17	790.84	805.20	765.64	799.81	124285
2024-10-18	793.03	824.78	763.79	777.21	162359
2024-10-21	782.22	803.28	758.79	793.92	32163
2024-10-22	799.68	828.00	764.35	813.12	32378
2024-10-23	814.16	826.87	802.88	816.59	191638
2024-10-24	815.19	827.04	796.89	811.91	247980
2024-10-25	814.34	833.52	791.85	820.02	106850
2024-10-28	822.89	839.29	807.23	829.57	70276
2024-10-29	831.41	841.48	815.79	835.71	170956
2024-10-30	841.59	867.99	802.52	855.32	267669
2024-10-31	858.36	881.90	833.52	865.44	244726
2024-11-01	867.29	875.29	856.74	871.61	15814
2024-11-04	863.76	905.97	833.48	845.46	21974
2024-11-05	849.02	868.72	824.49	857.33	277964
2024-11-06	857.81	869.20	841.21	858.93	278576
2024-11-07	859.41	871.78	846.61	860.54	285684
2024-11-08	866.83	889.46	836.08	881.49	14654
2024-11-11	887.42	918.32	857.87	901.27	86096
2024-11-12	906.75	933.21	874.13	919.54	22579
2024-11-13	914.03	947.42	892.78	901.15	109418
2024-11-14	893.46	939.97	866.23	875.52	33475
2024-11-15	881.94	910.22	842.76	896.93	205873
2024-11-18	896.64	910.09	890.04	895.98	40326
2024-11-19	896.63	905.15	877.35	898.17	109575
2024-11-20	899.54	910.55	878.05	902.76	20434
2024-11-21	903.58	912.05	895.82	905.48	139063
2024-11-22	909.09	920.14	888.88	917.50	244808
2024-11-25	923.18	941.91	893.95	936.45	38223
2024-11-26	938.43	950.53	928.27	943.05	285597
2024-11-27	950.19	978.24	907.89	966.84	9736
2024-11-28	970.28	993.74	944.83	978.30	175161
2024-11-29	979.54	989.54	970.52	982.44	45260
2024-12-02	989.54	1011.01	946.53	1006.11	233556
2024-12-03	998.21	1035.00	975.60	979.79	126183
2024-12-04	981.50	988.98	961.21	985.49	172079
2024-12-05	994.24	1030.36	952.02	1014.67	93698
2024-12-06	1006.40	1059.03	970.55	987.09	264427
2024-12-09	994.28	1016.29	958.92	1011.04	12462
2024-12-10	1017.62	1049.82	986.20	1032.97	191370
2024-12-11	1028.93	1064.59	1008.78	1019.52	62515
2024-12-12	1026.76	1057.55	976.82	1043.66	5878
2024-12-13	1051.90	1083.75	997.95	1071.14	254427
2024-12-16	1065.57	1106.30	1033.99	1052.55	51957
2024-12-17	1060.19	1079.37	1006.98	1078.01	68346
2024-12-18	1085.48	1111.87	1046.73	1102.91	36893
2024-12-19	1105.79	1130.98	1083.98	1112.51	72569
2024-12-20	1116.74	1146.84	1081.02	1126.60	216025
2024-12-23	1116.68	1170.49	1076.27	1093.51	6031
2024-12-24	1093.78	1107.51	1086.84	1094.43	255266
2024-12-25	1091.16	1125.11	1065.82	1083.52	279951
2024-12-26	1080.35	1101.55	1060.44	1072.94	255717
2024-12-27	1080.53	1116.51	1036.80	1098.26	184770
2024-12-30	1104.32	1120.69	1068.34	1118.45	32596
2024-12-31	1124.19	1157.46	1090.33	1137.59	215396
2025-01-01	1132.66	1158.79	1106.77	1121.16	128586
2025-01-02	1127.76	1165.03	1093.23	1143.17	297547
2025-01-03	1146.52	1170.86	1111.96	1154.34	69723
2025-01-06	1164.29	1189.75	1107.59	1187.53	18058
2025-01-07	1192.22	1210.19	1168.37	1203.17	256680
2025-01-08	1208.76	1235.75	1174.30	1221.81	71828
2025-01-09	1211.78	1260.10	1183.06	1188.37	76562
2025-01-10	1196.41	1225.37	1152.27	1215.16	287969
2025-01-13	1206.86	1251.42	1164.42	1187.49	124387
2025-01-14	1187.70	1189.75	1182.11	1188.18	112138
2025-01-15	1188.43	1207.07	1166.16	1189.02	33575
2025-01-16	1180.59	1232.60	1156.33	1160.91	24377
2025-01-17	1161.24	1173.94	1148.83	1162.02	228780
2025-01-20	1169.82	1204.04	1133.74	1188.03	161911
2025-01-21	1184.77	1200.79	1170.62	1177.17	34869
2025-01-22	1181.09	1193.01	1148.74	1190.24	154702
2025-01-23	1197.94	1229.92	1154.35	1215.90	27598
2025-01-24	1217.44	1234.12	1202.36	1221.05	49888
2025-01-27	1228.76	1269.73	1191.62	1246.75	137095
2025-01-28	1255.61	1281.94	1210.91	1276.26	226576
2025-01-29	1280.98	1314.59	1258.30	1291.97	61238
2025-01-30	1301.44	1332.70	1251.14	1323.53	55625
2025-01-31	1332.05	1363.47	1274.37	1351.92	280104
2025-02-03	1355.46	1371.59	1331.54	1363.72	179715
2025-02-04	1366.29	1398.29	1334.63	1372.29	227221
2025-02-05	1367.11	1414.81	1353.57	1355.01	270341
2025-02-06	1356.20	1381.28	1337.37	1358.98	73720
2025-02-07	1363.36	1384.12	1334.76	1373.57	19306
2025-02-10	1373.97	1391.08	1346.89	1374.89	53786
2025-02-11	1375.26	1393.77	1365.63	1376.11	45128
2025-02-12	1370.04	1420.34	1352.12	1355.87	238269
2025-02-13	1357.62	1384.24	1341.67	1361.71	28905
2025-02-14	1367.73	1409.21	1331.09	1381.77	258709
2025-02-17	1393.45	1444.33	1324.94	1420.70	258405
2025-02-18	1432.40	1465.89	1361.23	1459.71	252902
2025-02-19	1472.32	1505.41	1390.33	1501.75	110593
2025-02-20	1499.90	1514.24	1484.93	1495.57	238628
2025-02-21	1508.38	1569.01	1433.57	1538.26	219440
2025-02-24	1547.70	1584.77	1503.54	1569.74	77470
2025-02-25	1570.89	1584.41	1554.91	1573.58	63251
2025-02-26	1568.11	1605.55	1531.16	1555.34	150162
2025-02-27	1557.04	1586.16	1545.67	1561.00	42576
2025-02-28	1568.44	1610.93	1506.87	1585.80	121303
2025-03-03	1588.47	1625.34	1571.47	1594.69	173541
2025-03-04	1603.80	1655.36	1539.43	1625.06	256075
2025-03-05	1637.24	1685.10	1570.32	1665.65	262459
2025-03-06	1667.47	1675.33	1647.60	1671.70	274889
2025-03-07	1678.87	1702.07	1642.87	1695.60	111689
2025-03-10	1705.20	1747.33	1637.91	1727.58	85461
2025-03-11	1719.75	1788.65	1697.08	1701.48	106311
2025-03-12	1714.10	1763.09	1647.38	1743.55	76808
2025-03-13	1758.30	1807.97	1686.86	1792.73	203390
2025-03-14	1805.39	1844.73	1721.55	1834.95	54587
2025-03-17	1820.06	1898.81	1758.47	1785.32	253608
2025-03-18	1793.78	1836.39	1739.37	1813.51	67548
2025-03-19	1810.36	1846.20	1799.85	1803.02	215124
2025-03-20	1811.12	1841.96	1757.90	1830.02	163911
2025-03-21	1839.82	1885.38	1762.59	1862.70	190535
2025-03-24	1864.33	1880.77	1851.30	1868.12	121616
2025-03-25	1882.50	1944.29	1812.08	1916.04	236552
2025-03-26	1929.83	1997.31	1860.65	1962.00	227415
2025-03-27	1969.85	2025.78	1924.17	1988.16	237955
2025-03-28	1973.45	2054.76	1935.84	1939.13	66621
2025-03-31	1934.46	1977.70	1899.34	1923.57	78667
2025-04-01	1929.75	1978.44	1870.93	1944.16	241556
2025-04-02	1932.73	2016.28	1873.49	1906.04	132988
2025-04-03	1914.21	1959.44	1858.22	1933.28	76074
2025-04-04	1942.20	1983.30	1892.48	1963.00	293089
2025-04-07	1978.81	2023.18	1902.16	2015.71	92003
2025-04-08	2016.79	2054.86	1989.53	2019.32	16396
2025-04-09	2030.21	2082.32	1979.19	2055.61	218020
2025-04-10	2051.49	2075.45	2033.08	2041.87	121453
2025-04-11	2038.20	2075.96	2005.02	2029.63	14793
2025-04-14	2044.12	2111.89	1976.49	2077.92	206539
2025-04-15	2082.59	2112.01	2047.44	2093.50	248502
2025-04-16	2096.25	2138.87	2073.41	2102.65	207243
2025-04-17	2103.38	2144.55	2096.58	2105.09	253392
2025-04-18	2093.07	2179.54	2054.67	2065.04	152627
2025-04-21	2066.75	2073.84	2031.69	2070.75	197255
2025-04-22	2079.37	2118.91	2029.41	2099.46	177286
2025-04-23	2105.46	2130.95	2050.07	2119.46	225459
2025-04-24	2127.62	2187.20	2054.29	2146.66	195357
2025-04-25	2154.86	2183.41	2108.89	2173.99	287630
2025-04-28	2183.10	2239.16	2113.57	2204.37	68396
2025-04-29	2218.41	2264.23	2150.95	2251.18	72869
2025-04-30	2237.98	2324.79	2175.32	2207.18	219088
2025-05-01	2197.92	2259.22	2149.15	2176.33	38374
2025-05-02	2182.80	2231.58	2124.95	2197.91	115357
2025-05-05	2208.96	2262.86	2130.84	2234.75	176454
2025-05-06	2246.47	2288.83	2177.85	2273.82	270837
2025-05-07	2293.38	2378.48	2170.40	2339.01	79889
2025-05-08	2346.46	2397.83	2275.77	2363.83	152534
2025-05-09	2375.71	2407.33	2287.80	2403.41	63838
2025-05-12	2412.01	2470.39	2333.29	2432.07	233679
2025-05-13	2444.73	2510.93	2358.00	2474.27	244330
2025-05-14	2488.55	2535.94	2416.43	2521.85	32706
2025-05-15	2529.62	2582.36	2483.04	2547.76	235544
2025-05-16	2551.83	2612.45	2498.65	2561.34	171748
2025-05-19	2571.54	2644.86	2489.54	2595.33	221237
2025-05-20	2588.74	2624.29	2533.73	2573.36	99618
2025-05-21	2582.32	2647.92	2505.10	2603.24	217367
2025-05-22	2619.22	2682.98	2538.73	2656.52	297441
2025-05-23	2664.03	2717.14	2619.64	2681.53	253877
2025-05-26	2703.65	2796.05	2598.54	2755.28	5698
2025-05-27	2773.49	2822.71	2671.26	2815.97	187500
2025-05-28	2822.12	2867.33	2740.81	2836.47	15706
2025-05-29	2846.17	2920.66	2779.87	2868.80	69786
2025-05-30	2871.88	2902.72	2840.64	2879.05	83051
2025-06-02	2886.65	2931.76	2804.31	2904.37	34523
2025-06-03	2924.64	3003.14	2803.76	2971.93	73836
2025-06-04	2993.06	3049.91	2894.11	3042.39	225573
2025-06-05	3029.22	3142.30	2971.52	2998.50	177173
2025-06-06	3005.92	3044.38	2927.23	3023.24	195013
2025-06-09	3023.87	3033.66	3010.79	3025.33	296652
2025-06-10	3031.85	3055.95	2989.41	3047.07	138437
2025-06-11	3063.02	3106.55	2963.69	3100.23	166353
2025-06-12	3118.29	3215.94	3021.56	3160.42	107507
2025-06-13	3169.01	3222.30	3079.18	3189.05	38927
2025-06-16	3210.97	3286.70	3080.81	3262.11	232196
2025-06-17	3286.71	3358.09	3155.96	3344.12	261058
2025-06-18	3359.31	3402.32	3285.19	3394.78	164047
2025-06-19	3406.03	3469.39	3331.57	3432.28	131323
2025-06-20	3438.19	3473.37	3366.54	3451.97	277984
2025-06-23	3423.09	3576.15	3316.68	3355.68	195028
2025-06-24	3384.07	3461.78	3201.87	3450.30	203064
2025-06-25	3454.62	3498.62	3381.86	3464.69	198632
2025-06-26	3478.45	3520.52	3412.69	3510.57	217466
2025-06-27	3535.21	3628.45	3372.68	3592.70	289590
2025-06-30	3610.52	3719.51	3521.61	3652.10	10132
2025-07-01	3631.16	3758.06	3561.19	3582.30	78553
2025-07-02	3595.99	3635.99	3527.40	3627.93	115173
2025-07-03	3600.31	3778.81	3504.16	3535.86	121064
2025-07-04	3509.20	3646.45	3402.55	3446.99	16298
2025-07-07	3460.00	3525.50	3369.21	3490.36	240787
2025-07-08	3520.62	3633.40	3352.17	3591.22	37889
2025-07-09	3619.92	3694.78	3463.82	3686.90	58597
2025-07-10	3688.49	3718.19	3640.77	3692.21	49446
2025-07-11	3698.02	3757.64	3653.85	3711.59	151090
2025-07-14	3733.53	3794.17	3581.44	3784.73	265095
2025-07-15	3817.57	3967.81	3654.66	3894.19	173945
2025-07-16	3899.20	3930.04	3815.96	3910.88	195615
2025-07-17	3932.61	4018.69	3773.14	3983.31	249579
2025-07-18	4003.79	4069.17	3858.80	4051.59	41819
2025-07-21	4056.22	4093.72	3985.38	4067.04	33663
2025-07-22	4086.82	4159.35	3951.93	4133.00	133962
2025-07-23	4136.75	4172.92	4082.92	4145.49	228009
2025-07-24	4165.68	4262.49	4070.92	4212.78	156910
2025-07-25	4244.90	4349.68	4075.76	4319.86	157993
2025-07-28	4331.90	4397.60	4204.38	4360.01	246993
2025-07-29	4352.75	4420.79	4254.76	4335.83	14461
2025-07-30	4345.14	4408.41	4283.06	4366.86	106052
2025-07-31	4349.06	4443.63	4258.54	4307.55	185268
2025-08-01	4321.82	4369.96	4209.24	4355.12	289175
2025-08-04	4378.59	4495.16	4192.94	4433.35	263505
2025-08-05	4446.31	4484.18	4369.69	4476.56	241960
2025-08-06	4438.42	4662.09	4267.20	4349.43	204572
2025-08-07	4367.90	4417.27	4258.72	4410.98	289366
2025-08-08	4445.65	4538.69	4278.87	4526.54	60806
2025-08-11	4516.04	4573.55	4455.14	4491.56	201377
2025-08-12	4526.54	4619.15	4293.36	4608.18	98761
2025-08-13	4632.87	4717.49	4488.10	4690.46	157520
2025-08-14	4716.04	4793.64	4545.99	4775.73	272782
2025-08-15	4747.70	4963.46	4630.91	4682.28	71531
2025-08-18	4641.77	4885.15	4538.30	4547.24	139005
2025-08-19	4540.48	4591.98	4481.50	4524.71	70346
2025-08-20	4555.77	4686.64	4403.83	4628.24	248797
2025-08-21	4633.79	4732.99	4543.14	4646.74	112421
2025-08-22	4650.60	4707.36	4602.62	4659.60	126279
2025-08-25	4695.32	4803.71	4460.08	4778.68	297772
2025-08-26	4759.72	4923.89	4693.50	4715.47	11427
2025-08-27	4755.00	4863.31	4520.89	4847.24	99240
2025-08-28	4847.89	4879.56	4833.70	4849.43	200282
2025-08-29	4855.38	4879.25	4816.37	4869.28	157322
2025-09-01	4907.63	5051.40	4725.17	4997.12	135495
2025-09-02	5020.29	5103.84	4893.27	5074.37	227915
2025-09-03	5056.29	5189.15	5000.69	5014.09	231566
2025-09-04	5036.12	5106.52	4888.99	5087.54	297410
2025-09-05	5115.81	5278.47	4908.08	5181.79	178236
2025-09-08	5188.06	5303.21	5141.65	5202.71	180038
2025-09-09	5219.22	5345.25	5046.29	5257.74	17679
2025-09-10	5275.74	5402.99	5128.46	5317.73	93785
2025-09-11	5289.95	5466.46	5204.76	5225.13	73163
2025-09-12	5197.57	5361.60	5093.43	5133.24	61448
2025-09-15	5145.88	5189.29	5005.26	5175.37	172470
2025-09-16	5154.91	5274.74	5020.75	5107.16	18983
2025-09-17	5147.99	5338.41	4966.03	5243.26	25633
2025-09-18	5264.76	5379.94	5069.67	5314.94	201199
2025-09-19	5353.10	5542.12	5167.13	5442.13	91097
2025-09-22	5459.81	5580.92	5279.15	5501.07	295911
2025-09-23	5479.16	5632.37	5333.75	5428.04	131534
2025-09-24	5457.40	5612.29	5262.59	5525.90	62099
2025-09-25	5557.12	5654.20	5342.64	5629.95	130702
2025-09-26	5642.44	5679.21	5522.23	5671.59	64217
2025-09-29	5707.50	5880.65	5513.99	5791.30	291255
2025-09-30	5773.93	5868.91	5644.18	5733.41	170170
2025-10-01	5770.25	5961.38	5573.40	5856.19	64237
2025-10-02	5891.58	6031.21	5702.54	5974.16	291339
2025-10-03	5957.06	6150.20	5831.69	5917.17	26539
2025-10-06	5952.40	6044.01	5693.79	6034.60	296941
2025-10-07	6054.97	6210.34	5926.94	6102.49	222554
2025-10-08	6147.59	6273.93	5835.95	6252.82	229628
2025-10-09	6280.31	6366.50	6043.23	6344.46	131445
2025-10-10	6357.85	6438.60	6184.84	6389.09	172302
2025-10-13	6403.51	6561.54	6225.19	6437.14	232864
2025-10-14	6489.82	6717.76	6241.00	6612.73	32256
2025-10-15	6563.37	6798.25	6404.66	6448.19	130761
2025-10-16	6505.20	6731.67	6250.01	6638.22	8753
2025-10-17	6585.02	6923.81	6353.21	6460.90	274076
2025-10-20	6423.60	6707.10	6299.42	6336.56	43486
2025-10-21	6387.19	6515.25	6086.44	6505.32	103471
2025-10-22	6532.45	6678.96	6312.26	6595.77	149454
2025-10-23	6640.59	6819.68	6425.24	6745.17	88884
2025-10-24	6777.56	6980.73	6584.95	6853.12	86721
2025-10-27	6868.98	6927.09	6755.96	6905.99	211139
2025-10-28	6923.89	6983.97	6799.01	6965.66	149651
2025-10-29	6948.33	7095.45	6793.20	6907.88	100924
2025-10-30	6945.26	7109.26	6693.89	7032.48	232579
2025-10-31	6980.05	7317.00	6754.84	6857.72	70804
2025-11-03	6876.39	6985.15	6751.98	6919.98	190113
2025-11-04	6922.82	7024.22	6867.66	6929.47	170795
2025-11-05	6981.31	7131.55	6672.56	7102.27	107891
2025-11-06	7118.06	7225.36	7012.54	7154.91	261631
2025-11-07	7145.32	7283.39	7090.00	7122.95	164501
2025-11-10	7167.32	7408.79	6853.08	7270.85	212709
2025-11-11	7297.94	7435.44	7151.81	7361.13	95906
2025-11-12	7425.08	7636.66	7081.64	7574.30	170735
2025-11-13	7630.32	7844.83	7314.67	7761.02	67447
2025-11-14	7729.52	7902.97	7531.20	7656.03	21085
2025-11-17	7713.09	7913.82	7350.42	7846.21	167129
2025-11-18	7900.06	8147.92	7542.75	8025.71	14313
2025-11-19	8053.68	8218.10	7855.34	8118.94	226835
2025-11-20	8147.53	8287.86	7939.02	8214.24	20727
2025-11-21	8222.95	8396.08	8069.74	8243.28	126342
2025-11-24	8199.68	8487.25	8031.74	8097.94	69673
2025-11-25	8151.95	8422.00	7884.80	8277.98	193874
2025-11-26	8313.55	8451.02	8098.18	8396.54	94224
2025-11-27	8429.87	8544.96	8193.53	8507.63	95818
2025-11-28	8567.33	8812.77	8206.18	8706.63	176871
2025-12-01	8759.24	8990.69	8368.03	8882.01	40338
2025-12-02	8899.82	8998.98	8659.33	8941.37	86005
2025-12-03	8978.87	9093.99	8721.84	9066.36	53767
2025-12-04	9131.07	9432.67	8814.23	9282.07	164410
2025-12-05	9364.40	9716.28	8907.42	9556.50	191432
2025-12-08	9589.21	9853.98	9349.21	9665.52	249438
2025-12-09	9580.42	9973.69	9330.00	9381.83	178207
2025-12-10	9398.04	9502.23	9188.69	9435.87	262406
2025-12-11	9402.70	9628.19	9188.36	9325.29	280538
2025-12-12	9400.03	9611.94	8954.49	9574.43	95267
2025-12-15	9528.97	9898.95	9298.61	9422.90	38859
2025-12-16	9475.89	9745.89	9114.82	9599.54	47027
2025-12-17	9543.85	9855.94	9382.76	9413.89	50335
2025-12-18	9451.78	9691.80	9200.37	9540.18	137137
2025-12-19	9571.79	9759.02	9379.57	9645.54	192314
2025-12-22	9717.85	9935.22	9348.37	9886.57	81665
2025-12-23	9806.17	10283.46	9530.83	9618.55	274361
2025-12-24	9556.51	9859.65	9232.74	9411.75	17791
2025-12-25	9420.89	9609.57	9313.61	9442.20	59998
2025-12-26	9489.16	9678.17	9102.73	9598.73	109829
2025-12-29	9605.52	9754.59	9399.19	9621.37	64310
2025-12-30	9690.51	10048.80	9371.29	9851.83	246668
2025-12-31	9854.62	9946.16	9799.97	9861.11	9564
2026-01-01	9887.11	10094.60	9626.24	9947.77	124647
2026-01-02	9952.64	10120.34	9815.95	9964.01	109913
2026-01-05	9958.51	10070.27	9784.53	9945.68	272850
2026-01-06	9972.50	10124.86	9697.44	10035.09	232196
2026-01-07	10121.12	10352.55	9720.73	10321.86	202697
2026-01-08	10339.41	10406.21	10235.65	10380.34	30585
2026-01-09	10391.35	10581.42	10255.99	10417.03	58830
2026-01-12	10440.98	10669.28	10246.43	10496.86	193358
2026-01-13	10567.45	10894.51	10074.07	10732.15	99312
2026-01-14	10805.28	11115.20	10396.94	10975.91	235854
2026-01-15	10982.97	11040.37	10909.35	10999.42	265018
2026-01-16	11031.20	11196.64	10871.49	11105.37	248488
2026-01-19	11161.48	11319.14	10775.09	11292.40	245615
2026-01-20	11230.98	11697.15	11037.18	11087.67	92122
2026-01-21	11085.67	11155.67	10970.20	11081.02	204954
2026-01-22	11145.47	11354.44	10847.81	11295.87	19873
2026-01-23	11331.67	11570.49	10991.35	11415.20	264618
2026-01-26	11321.89	11875.53	10926.67	11104.16	213405
2026-01-27	11121.07	11235.63	10826.94	11160.52	72381
2026-01-28	11079.56	11536.88	10692.29	10890.66	165927
2026-01-29	10870.10	11144.29	10708.68	10822.13	149488
2026-01-30	10897.16	11250.96	10522.80	11072.24	278816
2026-02-02	11077.47	11163.84	10845.62	11089.68	293609
2026-02-03	11095.97	11326.02	10931.78	11110.65	80177
2026-02-04	11179.04	11445.68	10708.19	11338.62	246849
2026-02-05	11379.84	11663.70	11020.05	11476.02	272132
2026-02-06	11431.24	11746.12	11188.93	11326.75	57198
2026-02-09	11381.04	11538.77	11012.95	11507.74	71461
2026-02-10	11556.54	11848.22	11261.87	11670.43	221744
2026-02-11	11687.48	11782.69	11412.62	11727.29	167847
2026-02-12	11762.88	12076.12	11400.30	11845.92	298099
2026-02-13	11873.05	11993.73	11598.52	11936.35	45556
2026-02-16	11923.01	12113.74	11856.61	11891.89	21876
2026-02-17	11894.38	12119.05	11784.32	11900.17	60726
2026-02-18	11943.48	12228.48	11549.14	12044.53	186278
2026-02-19	12070.00	12224.94	11734.42	12129.42	211053
2026-02-20	12205.24	12457.88	11720.78	12382.17	160415
2026-02-23	12350.14	12548.32	12053.93	12275.42	185959
2026-02-24	12167.28	12721.30	11759.69	11914.95	22635
2026-02-25	11941.95	12215.07	11795.49	12004.96	58053
2026-02-26	12082.12	12303.53	11605.21	12262.18	11650
2026-02-27	12275.45	12371.26	12074.29	12306.42	208369
2026-03-02	12321.74	12602.32	12124.10	12357.49	45700
2026-03-03	12376.70	12473.38	12235.30	12421.54	256700
2026-03-04	12510.43	12831.90	12105.50	12717.84	200423
2026-03-05	12787.82	13208.99	12257.51	12951.10	256274
2026-03-06	13059.11	13548.84	12490.55	13311.14	17115
2026-03-09	13221.77	13760.03	12852.43	13013.23	267125
2026-03-10	13029.28	13139.02	12828.56	13066.74	188427
2026-03-11	13074.89	13344.49	12856.58	13093.91	299056
2026-03-12	13092.20	13352.48	12900.47	13088.22	28306
2026-03-13	13088.77	13161.51	13018.88	13090.05	93223
2026-03-16	12985.43	13630.59	12670.46	12741.30	25021
2026-03-17	12702.63	12931.56	12388.42	12612.41	21928
2026-03-18	12538.67	13028.42	12271.14	12366.60	128484
2026-03-19	12383.70	12670.67	12083.09	12423.62	53440
2026-03-20	12456.76	12725.54	12088.90	12534.07	221642
2026-03-23	12553.37	12830.13	12395.29	12598.38	140087
2026-03-24	12693.25	13049.80	12064.95	12914.61	91020
2026-03-25	12970.54	13160.35	12672.96	13101.03	146000
2026-03-26	13191.93	13510.55	12757.78	13404.03	78187
2026-03-27	13506.83	13989.36	12895.93	13746.68	224513
2026-03-30	13792.94	14127.71	13397.72	13900.88	205437
2026-03-31	14006.04	14329.21	13330.19	14251.44	233045
2026-04-01	14258.47	14311.70	14100.70	14274.87	46716
2026-04-02	14380.34	14695.15	13758.14	14626.45	235823
2026-04-03	14755.82	15101.30	14162.29	15057.70	212521
2026-04-06	15034.48	15240.32	14962.94	14980.29	60569
2026-04-07	15070.17	15434.52	14607.33	15279.90	129641
2026-04-08	15411.21	15735.93	14561.53	15717.60	248463
2026-04-09	15847.58	16192.17	15249.96	16150.87	178747
2026-04-10	16209.10	16568.86	15872.28	16344.97	42492
2026-04-13	16443.01	16865.43	15735.07	16671.77	68830
2026-04-14	16754.11	17141.61	16242.15	16946.23	56885
2026-04-15	16994.94	17190.90	16633.15	17108.57	141460
2026-04-16	17156.73	17482.35	16692.42	17269.11	255748
2026-04-17	17341.49	17848.17	16850.85	17510.39	196552
2026-04-20	17456.15	17848.49	17060.97	17329.60	60406
2026-04-21	17444.78	17766.99	16786.19	17713.53	88767
2026-04-22	17807.51	18146.77	17315.78	18026.79	190001
2026-04-23	18131.50	18399.21	17427.00	18375.82	82432
2026-04-24	18468.93	18848.42	17868.69	18686.18	54715
2026-04-27	18784.06	19042.04	18176.05	19012.46	226510
2026-04-28	19110.95	19655.16	18437.42	19340.76	24340
2026-04-29	19206.24	19999.80	18554.22	18892.36	197717
2026-04-30	18994.92	19365.10	18496.40	19234.25	185059
2026-05-01	19196.59	19416.76	18967.63	19108.72	35240