Date	Open	High	Low	Close	Volume
2022-11-21	13.84	13.99	13.51	13.97	170836
2022-11-22	14.02	14.18	13.56	14.15	14375
2022-11-23	14.16	14.36	14.05	14.21	285949
2022-11-24	14.24	14.47	14.02	14.31	113737
2022-11-25	14.44	14.77	13.88	14.73	119536
2022-11-28	14.84	15.29	14.31	15.09	176132
2022-11-29	14.99	15.73	14.71	14.74	144630
2022-11-30	14.61	15.33	14.18	14.31	223366
2022-12-01	14.33	14.45	14.11	14.39	180387
2022-12-02	14.48	14.93	13.82	14.70	230288
2022-12-05	14.60	15.18	14.31	14.36	153446
2022-12-06	14.37	14.45	14.29	14.39	9976
2022-12-07	14.46	14.84	14.09	14.62	210693
2022-12-08	14.54	14.93	14.34	14.36	97100
2022-12-09	14.41	14.68	13.94	14.54	241833
2022-12-12	14.59	14.88	14.10	14.72	49236
2022-12-13	14.74	14.86	14.62	14.78	36891
2022-12-14	14.83	15.10	14.54	14.95	112556
2022-12-15	14.95	15.09	14.69	14.96	185777
2022-12-16	15.03	15.28	14.57	15.18	231621
2022-12-19	15.24	15.67	14.98	15.37	199195
2022-12-20	15.28	15.69	14.94	15.07	222889
2022-12-21	15.05	15.41	14.92	14.99	129038
2022-12-22	14.98	15.28	14.72	14.93	117768
2022-12-23	14.92	15.23	14.81	14.90	26309
2022-12-26	14.94	15.29	14.47	15.05	111805
2022-12-27	14.93	15.72	14.60	14.66	221908
2022-12-28	14.60	14.93	14.27	14.46	14498
2022-12-29	14.59	15.03	13.93	14.88	98250
2022-12-30	14.82	15.25	14.49	14.68	214628
2023-01-02	14.73	15.02	14.25	14.85	27642
2023-01-03	14.81	15.27	14.60	14.71	98223
2023-01-04	14.80	15.24	14.14	15.00	191462
2023-01-05	15.02	15.28	14.68	15.06	58433
2023-01-06	14.94	15.70	14.45	14.68	106996
2023-01-09	14.68	14.84	14.56	14.70	232758
2023-01-10	14.82	15.16	14.16	15.08	111549
2023-01-11	15.16	15.52	14.56	15.35	179609
2023-01-12	15.40	15.68	15.05	15.53	11632
2023-01-13	15.44	15.91	15.14	15.21	210503
2023-01-16	15.33	15.87	14.62	15.61	237447
2023-01-17	15.72	16.26	15.17	15.97	71980
2023-01-18	15.97	16.22	15.74	15.96	160145
2023-01-19	16.00	16.18	15.53	16.08	220329
2023-01-20	16.11	16.33	15.83	16.18	202319
2023-01-23	16.27	16.71	15.57	16.49	35621
2023-01-24	16.62	17.16	15.99	16.92	114211
2023-01-25	16.99	17.45	16.44	17.17	145658
2023-01-26	17.21	17.58	16.98	17.30	137355
2023-01-27	17.33	17.69	17.11	17.39	99997
2023-01-30	17.53	18.08	16.65	17.84	204556
2023-01-31	17.91	18.15	17.47	18.08	29932
2023-02-01	18.02	18.35	17.77	17.90	263876
2023-02-02	18.04	18.71	17.37	18.36	59094
2023-02-03	18.45	18.84	17.71	18.66	159282
2023-02-06	18.82	19.39	17.79	19.19	74280
2023-02-07	19.36	19.99	18.44	19.76	207657
2023-02-08	19.83	20.34	19.47	19.99	61375
2023-02-09	20.01	20.19	19.79	20.04	186572
2023-02-10	19.93	20.55	19.33	19.68	207863
2023-02-13	19.68	19.92	19.62	19.69	152662
2023-02-14	19.84	20.39	18.93	20.18	256595
2023-02-15	20.19	20.24	20.03	20.19	214604
2023-02-16	20.21	20.29	19.82	20.25	166282
2023-02-17	20.38	20.77	19.57	20.67	159008
2023-02-20	20.79	21.37	20.06	21.07	11087
2023-02-21	21.22	21.65	20.22	21.56	116639
2023-02-22	21.54	21.70	21.24	21.48	228518
2023-02-23	21.59	22.09	21.08	21.84	125668
2023-02-24	22.01	22.64	20.99	22.41	223279
2023-02-27	22.49	22.79	21.84	22.68	256513
2023-02-28	22.75	22.96	22.19	22.91	280342
2023-03-01	22.79	23.40	22.18	22.52	254521
2023-03-02	22.50	22.88	22.21	22.45	253066
2023-03-03	22.37	23.07	22.05	22.16	148806
2023-03-06	22.26	22.57	21.68	22.50	102348
2023-03-07	22.60	22.93	21.84	22.82	61684
2023-03-08	22.99	23.74	22.02	23.37	140928
2023-03-09	23.36	23.57	23.13	23.34	70248
2023-03-10	23.18	24.28	22.49	22.80	193435
2023-03-13	22.88	23.22	22.47	23.05	53927
2023-03-14	23.17	23.88	22.59	23.45	141758
2023-03-15	23.54	24.13	22.80	23.75	183865
2023-03-16	23.54	24.86	22.82	23.06	166966
2023-03-17	23.17	23.68	22.64	23.44	51254
2023-03-20	23.62	24.18	22.45	24.02	276302
2023-03-21	24.23	24.79	22.95	24.72	233490
2023-03-22	24.60	25.29	23.94	24.33	83646
2023-03-23	24.35	24.88	23.79	24.41	156035
2023-03-24	24.51	24.98	23.97	24.75	14297
2023-03-27	24.58	25.62	23.83	24.19	144166
2023-03-28	24.15	24.52	23.72	24.05	205437
2023-03-29	24.22	25.09	23.14	24.64	226692
2023-03-30	24.77	25.29	23.79	25.10	41220
2023-03-31	25.12	25.48	24.78	25.16	106711
2023-04-03	25.21	25.52	24.68	25.32	253907
2023-04-04	25.17	25.92	24.55	24.81	54532
2023-04-05	24.82	24.88	24.76	24.83	224383
2023-04-06	25.05	25.59	24.03	25.56	124320
2023-04-07	25.65	26.20	24.80	25.86	228979
2023-04-10	26.09	27.01	25.07	26.61	132090
2023-04-11	26.80	27.38	25.60	27.25	125074
2023-04-12	27.04	28.52	26.14	26.53	267835
2023-04-13	26.53	26.72	26.28	26.51	208803
2023-04-14	26.65	27.41	25.75	26.97	222205
2023-04-17	27.04	27.23	26.59	27.21	5238
2023-04-18	27.09	27.95	26.29	26.82	63206
2023-04-19	26.86	27.36	26.58	26.97	259621
2023-04-20	27.13	27.89	26.17	27.52	87986
2023-04-21	27.60	27.94	27.03	27.78	242353
2023-04-24	27.83	28.18	27.18	27.94	16938
2023-04-25	27.81	28.78	27.34	27.52	139850
2023-04-26	27.68	28.11	26.90	28.06	222439
2023-04-27	28.23	28.91	27.14	28.62	257729
2023-04-28	28.75	29.64	28.04	29.06	55939
2023-05-01	29.07	29.62	28.79	29.08	74965
2023-05-02	29.12	29.51	28.63	29.23	246867
2023-05-03	29.25	29.35	28.90	29.30	190131
2023-05-04	29.52	30.65	28.12	30.06	171655
2023-05-05	30.28	30.91	28.86	30.79	83020
2023-05-08	30.72	31.35	30.01	30.55	232105
2023-05-09	30.66	31.04	29.65	30.91	288187
2023-05-10	31.17	31.89	29.86	31.77	65026
2023-05-11	31.82	32.16	31.07	31.95	35819
2023-05-12	32.02	32.42	31.19	32.17	34068
2023-05-15	32.42	33.36	30.95	32.99	295654
2023-05-16	33.29	34.12	31.41	33.97	84849
2023-05-17	34.00	34.30	33.69	34.06	117223
2023-05-18	33.97	34.62	33.12	33.77	166092
2023-05-19	33.93	34.59	33.13	34.31	181732
2023-05-22	34.54	35.65	33.30	35.08	141327
2023-05-23	35.35	36.52	33.64	36.00	291110
2023-05-24	35.94	36.29	35.11	35.80	277700
2023-05-25	36.08	37.36	34.25	36.76	229349
2023-05-26	36.76	37.31	36.49	36.77	242958
2023-05-29	36.87	37.70	35.74	37.13	261715
2023-05-30	37.25	38.17	36.52	37.54	239192
2023-05-31	37.59	38.36	36.82	37.70	187134
2023-06-01	38.01	39.46	36.32	38.75	90567
2023-06-02	38.68	39.39	37.82	38.52	110886
2023-06-05	38.72	39.60	37.11	39.20	94203
2023-06-06	39.08	39.75	38.42	38.80	281445
2023-06-07	39.05	40.04	37.46	39.62	220735
2023-06-08	39.76	40.18	38.48	40.09	262226
2023-06-09	40.42	41.70	38.65	41.19	16776
2023-06-12	40.84	42.80	39.42	40.02	103429
2023-06-13	40.18	41.14	38.72	40.55	186711
2023-06-14	40.73	41.60	39.70	41.14	213123
2023-06-15	41.15	41.86	40.64	41.16	163817
2023-06-16	41.38	42.54	39.72	41.89	295192
2023-06-19	41.88	42.31	41.64	41.85	41768
2023-06-20	41.82	42.54	41.27	41.76	117000
2023-06-21	41.72	42.37	40.95	41.64	91918
2023-06-22	41.73	42.42	41.10	41.92	9524
2023-06-23	42.19	43.38	40.82	42.82	219891
2023-06-26	42.97	43.58	41.60	43.33	5492
2023-06-27	43.69	44.90	41.42	44.53	16881
2023-06-28	44.56	45.16	43.86	44.62	127297
2023-06-29	44.73	45.26	44.05	44.97	249168
2023-06-30	44.94	45.42	44.73	44.87	161485
2023-07-03	44.94	45.35	44.45	45.09	13911
2023-07-04	45.32	46.10	43.99	45.86	128438
2023-07-05	46.00	46.68	45.27	46.32	104398
2023-07-06	46.45	47.55	45.37	46.77	25982
2023-07-07	47.04	48.40	45.82	47.68	127134
2023-07-10	48.01	49.65	46.15	48.80	246473
2023-07-11	49.19	51.06	46.98	50.10	30525
2023-07-12	50.25	50.82	49.47	50.60	240303
2023-07-13	50.95	51.94	49.10	51.78	109987
2023-07-14	52.23	53.79	49.67	53.28	248746
2023-07-17	53.30	54.34	52.73	53.34	84333
2023-07-18	53.34	53.47	52.91	53.35	162370
2023-07-19	53.67	55.05	51.84	54.44	223994
2023-07-20	54.51	55.25	53.78	54.66	253895
2023-07-21	54.90	56.18	53.52	55.47	142055
2023-07-24	55.09	57.59	54.07	54.21	100328
2023-07-25	54.44	55.47	53.23	54.98	40050
2023-07-26	54.59	56.60	53.08	53.70	189266
2023-07-27	54.16	55.43	51.59	55.25	6623
2023-07-28	54.97	57.18	53.87	54.32	290259
2023-07-31	53.89	56.28	52.72	52.88	205879
2023-08-01	53.07	53.70	51.29	53.50	288078
2023-08-02	53.55	54.31	52.30	53.66	242588
2023-08-03	53.85	54.68	52.55	54.29	85985
2023-08-04	54.52	55.50	53.18	55.04	165913
2023-08-07	55.19	56.38	53.80	55.54	112559
2023-08-08	55.52	56.46	54.38	55.47	285823
2023-08-09	55.58	56.26	54.73	55.83	103728
2023-08-10	55.87	56.84	54.94	55.96	31852
2023-08-11	56.23	57.87	54.53	56.87	28073
2023-08-14	57.16	58.43	55.28	57.85	250062
2023-08-15	58.35	59.58	55.28	59.50	105085
2023-08-16	59.68	60.81	57.76	60.08	191924
2023-08-17	60.45	62.20	57.96	61.32	150177
2023-08-18	61.36	62.19	61.04	61.44	19133
2023-08-21	61.80	62.81	59.78	62.63	56952
2023-08-22	63.00	64.42	60.83	63.85	110325
2023-08-23	63.73	64.60	62.94	63.44	136256
2023-08-24	62.97	65.45	61.07	61.88	171814
2023-08-25	62.05	63.52	60.81	62.46	248257
2023-08-28	62.17	64.67	61.20	61.51	43126
2023-08-29	61.73	63.38	59.71	62.26	162516
2023-08-30	62.63	63.81	60.18	63.50	223246
2023-08-31	63.33	64.68	62.68	62.93	22653
2023-09-01	63.41	65.20	60.40	64.54	164697
2023-09-04	64.03	66.35	61.85	62.85	56368
2023-09-05	63.32	65.17	60.13	64.41	7064
2023-09-06	64.17	65.42	63.50	63.60	70283
2023-09-07	63.26	65.68	62.07	62.47	296216
2023-09-08	62.42	63.53	61.51	62.31	5415
2023-09-11	62.66	64.37	60.64	63.46	133741
2023-09-12	63.52	64.76	62.84	63.66	129064
2023-09-13	64.04	65.66	61.80	64.94	49570
2023-09-14	65.35	67.28	62.67	66.30	163411
2023-09-15	66.87	69.12	63.73	68.22	58646
2023-09-18	67.72	70.10	66.46	66.54	12592
2023-09-19	66.75	68.37	65.38	67.22	259435
2023-09-20	67.26	67.91	65.83	67.35	154890
2023-09-21	67.82	69.97	65.45	68.92	282452
2023-09-22	69.33	71.25	66.98	70.29	244334
2023-09-25	70.43	70.87	68.55	70.73	228484
2023-09-26	70.58	71.89	70.04	70.22	205835
2023-09-27	70.60	71.70	68.63	71.47	43842
2023-09-28	71.93	73.93	69.82	72.99	88054
2023-09-29	72.98	73.35	72.15	72.94	202801
2023-10-02	73.45	75.69	71.07	74.65	75800
2023-10-03	75.12	76.97	72.24	76.21	239028
2023-10-04	75.84	78.67	74.01	74.97	146013
2023-10-05	75.46	77.40	72.67	76.62	215884
2023-10-06	76.76	77.95	75.27	77.09	228285
2023-10-09	77.23	78.70	75.13	77.57	276238
2023-10-10	76.88	80.93	73.93	75.28	162938
2023-10-11	75.62	77.83	72.81	76.41	90893
2023-10-12	76.86	78.73	74.80	77.90	40203
2023-10-13	77.88	78.72	77.56	77.82	81455
2023-10-16	77.98	79.44	75.92	78.36	55700
2023-10-17	78.84	81.40	75.70	79.95	212016
2023-10-18	79.70	80.98	77.64	79.12	40599
2023-10-19	79.23	80.58	77.96	79.49	266239
2023-10-20	80.05	82.83	76.34	81.35	11113
2023-10-23	81.47	82.02	80.48	81.75	160510
2023-10-24	81.93	83.44	80.90	82.35	237539
2023-10-25	83.07	86.32	79.32	84.76	180669
2023-10-26	85.41	87.80	81.52	86.94	213945
2023-10-27	87.44	90.29	83.95	88.62	105521
2023-10-30	89.11	91.84	85.34	90.27	185952
2023-10-31	90.40	91.56	88.79	90.71	173218
2023-11-01	90.13	94.01	88.47	88.79	30235
2023-11-02	88.47	90.94	86.64	87.74	76474
2023-11-03	88.42	90.50	84.96	90.00	165646
2023-11-06	90.65	92.54	87.49	92.17	132712
2023-11-07	91.57	94.94	88.70	90.17	125229
2023-11-08	90.03	91.95	89.46	89.71	160176
2023-11-09	89.23	91.50	87.99	88.09	126056
2023-11-10	88.57	90.83	84.84	89.68	176117
2023-11-13	89.48	91.89	88.49	89.03	97038
2023-11-14	88.25	91.76	85.15	86.45	74295
2023-11-15	86.48	87.13	84.77	86.54	113862
2023-11-16	87.12	89.35	83.43	88.47	56646
2023-11-17	88.62	90.74	87.38	88.99	160554
2023-11-20	89.34	90.80	86.33	90.15	56245
2023-11-21	90.21	91.13	89.38	90.34	154507
2023-11-22	90.44	91.18	89.51	90.67	141254
2023-11-23	90.76	92.53	89.13	91.00	262374
2023-11-24	90.57	93.18	88.84	89.56	272391
2023-11-27	89.69	90.13	88.13	89.98	130295
2023-11-28	90.47	92.26	87.31	91.61	170248
2023-11-29	90.93	94.93	88.78	89.32	28526
2023-11-30	89.53	91.20	88.43	90.02	190637
2023-12-01	90.26	91.29	88.20	90.83	284028
2023-12-04	91.38	94.20	87.87	92.67	16843
2023-12-05	93.17	95.60	89.47	94.33	296615
2023-12-06	94.45	96.29	93.12	94.71	228877
2023-12-07	95.17	96.82	91.32	96.24	203543
2023-12-08	96.35	97.52	94.60	96.60	237177
2023-12-11	96.81	97.96	94.37	97.28	236767
2023-12-12	98.03	101.13	94.03	99.78	212162
2023-12-13	99.01	103.90	96.74	97.21	192317
2023-12-14	97.91	100.61	94.29	99.52	126594
2023-12-15	99.56	101.32	98.66	99.66	99703
2023-12-18	100.16	103.16	97.64	101.33	64126
2023-12-19	101.08	103.85	98.62	100.51	136484
2023-12-20	101.11	102.83	97.08	102.50	129103
2023-12-21	102.64	104.36	100.01	102.97	175771
2023-12-22	103.62	107.24	98.86	105.14	137203
2023-12-25	105.48	107.04	103.83	106.27	145570
2023-12-26	106.86	109.12	103.24	108.25	5664
2023-12-27	109.13	111.59	104.10	111.16	234562
2023-12-28	111.98	115.82	106.88	113.91	27452
2023-12-29	113.41	115.83	111.80	112.24	72716
2024-01-01	113.21	116.45	108.57	115.48	289426
2024-01-02	116.01	118.37	111.77	117.26	96833
2024-01-03	117.87	120.68	114.58	119.28	9209
2024-01-04	119.75	121.63	116.75	120.86	271717
2024-01-05	121.66	124.41	117.69	123.52	54257
2024-01-08	123.81	125.82	120.12	124.48	82032
2024-01-09	125.00	126.85	121.23	126.21	280581
2024-01-10	127.21	131.84	122.50	129.55	117401
2024-01-11	129.77	132.33	126.97	130.29	25950
2024-01-12	131.17	135.13	125.96	133.22	275071
2024-01-15	132.74	135.48	131.36	131.61	20842
2024-01-16	130.94	134.88	129.22	129.36	235021
2024-01-17	129.72	132.52	127.56	130.55	51757
2024-01-18	131.10	132.76	128.21	132.38	224243
2024-01-19	133.19	137.46	128.31	135.09	58488
2024-01-22	134.05	141.25	130.38	131.63	211211
2024-01-23	132.41	136.32	128.79	134.23	126579
2024-01-24	134.58	136.47	131.57	135.38	210059
2024-01-25	134.25	141.32	130.78	131.61	57119
2024-01-26	130.91	134.51	127.91	129.27	64172
2024-01-29	129.19	130.08	128.06	128.99	251903
2024-01-30	129.57	133.30	125.33	130.92	99907
2024-01-31	131.94	136.20	126.98	134.31	59065
2024-02-01	134.65	135.89	130.66	135.43	95162
2024-02-02	134.55	138.62	131.00	132.51	63350
2024-02-05	132.20	135.30	129.80	131.47	279555
2024-02-06	132.16	135.65	128.23	133.78	68820
2024-02-07	134.02	136.12	132.17	134.56	178726
2024-02-08	134.43	137.05	131.44	134.12	279961
2024-02-09	133.72	135.60	130.60	132.80	86563
2024-02-12	133.54	135.94	129.86	135.29	130447
2024-02-13	134.79	137.38	132.80	133.61	162671
2024-02-14	134.34	138.06	129.13	136.04	223261
2024-02-15	135.38	139.73	131.28	133.86	24225
2024-02-16	134.35	138.07	130.01	135.48	188461
2024-02-19	135.80	138.21	133.23	136.54	216677
2024-02-20	137.48	141.16	133.25	139.67	137604
2024-02-21	140.20	143.41	136.87	141.45	229888
2024-02-22	142.53	146.04	136.67	145.08	252117
2024-02-23	146.21	150.62	138.54	148.86	81269
2024-02-26	149.95	152.79	143.34	152.49	82079
2024-02-27	151.67	156.26	147.77	149.75	78825
2024-02-28	150.01	151.40	147.47	150.61	178489
2024-02-29	151.74	154.77	144.57	154.38	188596
2024-03-01	154.91	158.03	150.79	156.13	52253
2024-03-04	155.32	161.38	153.13	153.42	207190
2024-03-05	154.46	158.44	149.01	156.90	230972
2024-03-06	157.69	161.70	153.99	159.53	250877
2024-03-07	160.48	163.13	154.26	162.70	289532
2024-03-08	163.21	166.72	160.43	164.40	201688
2024-03-11	165.35	168.82	160.31	167.55	64813
2024-03-12	167.39	171.24	164.91	167.01	43039
2024-03-13	167.96	173.42	163.44	170.16	215750
2024-03-14	171.58	176.42	163.62	174.87	261756
2024-03-15	176.04	180.36	169.88	178.76	240117
2024-03-18	178.95	180.76	176.73	179.41	49980
2024-03-19	178.58	184.27	174.74	176.65	133489
2024-03-20	177.40	179.49	173.68	179.14	129186
2024-03-21	180.64	187.49	171.55	184.15	55087
2024-03-22	184.73	188.92	181.47	186.10	220671
2024-03-25	185.81	190.56	181.69	185.13	260828
2024-03-26	185.66	188.04	180.53	186.92	245387
2024-03-27	187.39	189.51	182.99	188.50	116802
2024-03-28	189.44	194.79	182.17	191.63	112012
2024-03-29	192.65	197.08	185.73	195.04	281652
2024-04-01	195.96	198.58	188.90	198.11	198538
2024-04-02	197.29	202.98	191.89	195.37	179736
2024-04-03	196.94	202.09	186.64	200.60	136161
2024-04-04	198.95	209.42	192.47	195.11	66829
2024-04-05	193.64	202.72	186.59	190.23	23988
2024-04-08	189.02	197.56	184.80	186.21	218383
2024-04-09	186.78	191.22	181.96	188.12	130512
2024-04-10	188.95	193.66	182.10	190.89	283143
2024-04-11	190.04	194.12	185.33	188.07	260951
2024-04-12	187.79	189.77	184.14	187.15	160011
2024-04-15	187.30	188.55	183.77	187.66	87920
2024-04-16	188.94	193.30	180.61	191.93	201995
2024-04-17	193.02	197.41	187.92	195.56	119800
2024-04-18	196.76	203.03	188.43	199.54	183357
2024-04-19	200.89	207.87	194.20	204.05	228910
2024-04-22	204.36	205.33	199.22	205.09	60093
2024-04-23	204.21	210.79	200.86	202.15	34594
2024-04-24	203.77	210.68	193.17	207.55	269873
2024-04-25	206.07	213.77	200.54	202.59	79893
2024-04-26	203.63	206.80	198.32	206.07	270026
2024-04-29	206.43	208.85	203.12	207.27	137760
2024-04-30	207.08	208.43	204.21	206.63	49302
2024-05-01	207.62	210.40	200.56	209.93	59020
2024-05-02	210.18	212.41	205.49	210.78	52822
2024-05-03	212.65	219.82	201.12	217.02	267355
2024-05-06	218.36	224.31	211.36	221.50	273196
2024-05-07	219.99	227.20	213.21	216.48	123380
2024-05-08	217.88	224.30	209.81	221.16	252231
2024-05-09	222.78	229.67	213.56	226.56	62595
2024-05-10	228.16	235.97	217.95	231.89	293033
2024-05-13	233.63	241.47	223.29	237.69	294947
2024-05-14	238.60	242.05	230.68	240.73	51285
2024-05-15	242.67	249.89	230.97	247.20	91754
2024-05-16	247.84	252.80	243.53	249.34	17082
2024-05-17	250.36	255.35	245.24	252.73	267417
2024-05-20	254.34	259.38	244.61	258.08	175280
2024-05-21	257.79	260.46	254.27	257.09	116523
2024-05-22	258.62	266.48	247.82	262.20	176615
2024-05-23	264.00	271.22	255.25	268.19	181579
2024-05-24	266.11	275.86	260.35	261.26	170976
2024-05-27	259.25	269.86	250.30	254.57	69226
2024-05-28	256.78	264.82	243.59	261.93	185776
2024-05-29	262.21	267.03	256.68	262.84	164489
2024-05-30	264.25	268.95	256.94	267.54	167915
2024-05-31	269.24	276.31	259.41	273.19	95244
2024-06-03	274.45	279.59	265.00	277.39	236063
2024-06-04	278.96	286.62	268.11	282.63	9242
2024-06-05	284.64	291.88	270.76	289.34	104553
2024-06-06	289.42	291.30	287.96	289.62	224942
2024-06-07	291.29	300.12	280.11	295.21	71339
2024-06-10	295.27	296.17	289.87	295.41	293788
2024-06-11	297.82	307.89	284.84	303.43	69066
2024-06-12	305.08	312.35	296.61	308.93	221141
2024-06-13	309.27	316.25	304.38	310.05	175694
2024-06-14	308.96	319.00	302.51	306.40	37095
2024-06-17	307.96	312.08	297.82	311.58	292798
2024-06-18	310.56	319.44	307.67	308.19	70338
2024-06-19	308.07	313.17	305.48	307.78	244713
2024-06-20	309.76	319.93	295.53	314.38	227260
2024-06-21	316.72	327.61	304.02	322.16	85154
2024-06-24	325.05	336.76	310.99	331.80	138364
2024-06-25	334.64	347.86	316.06	341.27	5942
2024-06-26	340.98	348.62	337.29	340.32	67899
2024-06-27	342.33	348.15	327.26	347.01	78027
2024-06-28	349.80	360.49	337.20	356.30	173408
2024-07-01	355.09	365.21	349.11	352.26	108052
2024-07-02	350.56	363.08	340.41	346.57	77824
2024-07-03	348.15	353.59	340.06	351.85	154491
2024-07-04	349.05	362.03	341.38	342.53	299655
2024-07-05	344.83	354.26	332.30	350.20	44048
2024-07-08	350.76	356.17	346.04	352.07	179471
2024-07-09	355.06	363.28	340.44	362.04	180152
2024-07-10	364.35	376.82	348.25	369.74	181245
2024-07-11	370.31	373.97	367.00	371.66	6974
2024-07-12	374.19	383.07	359.74	380.11	173792
2024-07-15	381.76	389.33	371.23	385.61	113172
2024-07-16	387.19	392.94	375.89	390.89	223606
2024-07-17	394.07	403.12	378.49	401.49	38477
2024-07-18	403.69	413.21	393.36	408.83	128841
2024-07-19	410.20	421.54	396.56	413.40	145175
2024-07-22	416.34	427.06	402.23	423.17	154584
2024-07-23	422.39	427.10	412.77	420.56	230224
2024-07-24	420.66	428.98	417.05	420.89	29393
2024-07-25	422.80	429.38	407.96	427.24	181915
2024-07-26	427.49	434.37	425.00	428.08	269859
2024-07-29	429.55	438.01	417.37	432.97	178635
2024-07-30	433.55	443.49	428.98	434.92	203512
2024-07-31	437.09	445.89	423.08	442.16	294385
2024-08-01	445.35	453.37	423.57	452.80	133122
2024-08-02	455.20	467.43	437.36	460.79	91088
2024-08-05	456.77	475.59	446.05	447.37	265768
2024-08-06	449.75	459.35	434.00	455.31	270614
2024-08-07	456.45	463.74	444.96	459.11	187607
2024-08-08	461.12	469.44	447.88	465.80	294636
2024-08-09	466.62	477.19	462.61	468.52	175190
2024-08-12	472.53	482.40	448.97	481.88	105633
2024-08-13	484.95	492.77	467.90	492.10	81482
2024-08-14	493.20	497.08	483.45	495.74	291312
2024-08-15	496.55	503.30	483.36	498.42	120789
2024-08-16	499.60	507.45	488.81	502.35	259785
2024-08-19	499.33	516.88	490.74	492.29	179481
2024-08-20	494.39	500.08	484.10	499.30	196063
2024-08-21	499.09	507.85	496.79	498.59	271553
2024-08-22	495.52	516.96	480.64	488.35	277225
2024-08-23	484.77	509.08	475.37	476.42	231377
2024-08-26	476.99	479.84	468.14	478.33	283689
2024-08-27	481.56	493.85	466.36	489.10	246995
2024-08-28	487.03	505.31	473.10	482.20	99179
2024-08-29	479.15	495.09	465.16	472.04	212592
2024-08-30	469.83	488.40	458.07	464.68	83501
2024-09-02	465.63	469.03	459.05	467.85	269272
2024-09-03	466.87	472.86	463.22	464.60	95077
2024-09-04	464.15	469.44	459.18	463.08	107240
2024-09-05	465.84	479.61	452.15	472.27	166585
2024-09-06	473.38	482.30	462.46	475.96	65415
2024-09-09	476.24	477.35	472.58	476.87	291452
2024-09-10	477.61	480.61	472.18	479.34	228950
2024-09-11	481.61	488.29	462.42	486.93	26965
2024-09-12	491.00	508.22	466.58	500.49	175666
2024-09-13	499.46	510.99	494.57	497.07	186947
2024-09-16	493.03	516.00	481.65	483.60	130897
2024-09-17	486.51	497.02	466.38	493.32	249172
2024-09-18	493.51	501.17	485.60	493.96	58528
2024-09-19	497.66	508.68	480.88	506.29	100513
2024-09-20	503.36	524.52	494.17	496.51	232449
2024-09-23	494.29	508.25	483.84	489.13	296271
2024-09-24	489.45	499.45	484.56	490.20	238882
2024-09-25	493.53	510.69	470.02	501.28	176354
2024-09-26	503.59	518.59	489.79	508.96	223282
2024-09-27	511.12	523.96	500.10	516.17	10459
2024-09-30	516.68	522.50	509.12	517.85	264426
2024-10-01	519.26	529.04	503.46	522.54	152713
2024-10-02	522.81	532.04	519.31	523.42	116936
2024-10-03	525.80	536.11	507.11	531.36	31623
2024-10-04	532.10	539.16	519.09	533.83	151704
2024-10-07	534.59	546.61	526.62	536.37	264292
2024-10-08	540.60	558.03	520.26	550.47	180001
2024-10-09	552.18	560.78	535.82	556.16	120676
2024-10-10	553.61	567.34	546.29	547.66	223849
2024-10-11	551.58	571.40	524.80	560.72	65036
2024-10-14	557.31	579.00	541.39	549.36	116122
2024-10-15	552.70	565.02	527.83	560.48	251817
2024-10-16	560.73	562.29	549.79	561.31	58144
2024-10-17	558.77	570.90	549.49	552.82	216642
2024-10-18	553.06	561.80	547.50	553.62	89509
2024-10-21	549.06	576.37	530.80	538.42	141806
2024-10-22	542.69	553.83	520.01	552.65	129922
2024-10-23	554.66	564.27	542.73	559.36	78261
2024-10-24	560.97	572.01	544.96	564.71	215955
2024-10-25	569.39	584.61	543.20	580.29	227255
2024-10-28	581.14	588.70	575.75	583.10	188167
2024-10-29	586.91	601.99	568.36	595.79	243820
2024-10-30	595.20	607.82	590.04	593.83	254252
2024-10-31	595.21	608.18	580.81	598.43	192349
2024-11-01	603.57	618.39	577.62	615.56	298219
2024-11-04	620.05	640.25	598.98	630.53	6300
2024-11-05	627.36	645.49	613.95	619.97	199085
2024-11-06	623.64	640.52	597.43	632.22	77025
2024-11-07	626.54	660.64	601.55	613.29	119628
2024-11-08	615.03	624.47	600.74	619.08	284793
2024-11-11	620.06	625.90	613.29	622.34	236158
2024-11-12	625.12	635.92	608.11	631.59	30964
2024-11-13	631.96	645.38	626.95	632.83	92183
2024-11-14	627.22	654.17	613.44	614.14	261171
2024-11-15	618.54	639.90	596.36	628.83	214482
2024-11-18	632.00	651.71	616.27	639.41	238330
2024-11-19	640.05	643.78	628.44	641.54	117749
2024-11-20	646.45	667.16	621.40	657.89	162207
2024-11-21	657.90	665.97	652.45	657.94	271691
2024-11-22	653.23	683.08	633.02	642.26	193666
2024-11-25	645.27	663.82	630.86	652.31	127482
2024-11-26	656.77	673.63	627.09	667.19	79451
2024-11-27	666.53	677.48	663.15	664.99	13201
2024-11-28	670.76	691.70	639.03	684.22	45477
2024-11-29	682.74	700.24	677.06	679.29	229199
2024-12-02	681.77	693.51	661.56	687.55	261815
2024-12-03	690.54	709.68	675.05	697.51	180184
2024-12-04	700.07	714.64	683.92	706.04	250528
2024-12-05	710.95	734.83	687.61	722.40	22407
2024-12-06	716.72	751.34	691.27	703.47	290149
2024-12-09	701.61	711.42	696.26	697.27	20611
2024-12-10	693.06	712.29	673.59	683.25	247650
2024-12-11	677.26	714.34	658.10	663.28	202083
2024-12-12	666.50	679.80	640.11	674.02	53960
2024-12-13	671.64	684.87	661.97	666.09	294182
2024-12-16	671.22	692.54	644.07	683.18	172647
2024-12-17	687.89	708.07	662.46	698.87	13114
2024-12-18	700.07	704.54	685.50	702.87	73932
2024-12-19	704.25	708.70	688.65	707.48	201216
2024-12-20	706.34	719.26	700.68	703.69	159612
2024-12-23	705.85	725.07	682.99	710.88	238098
2024-12-24	713.71	722.69	693.70	720.31	256111
2024-12-25	722.01	728.07	709.58	725.98	206061
2024-12-26	727.53	737.87	716.53	731.17	68415
2024-12-27	731.29	736.19	723.93	731.58	196936
2024-12-30	733.76	750.67	716.56	738.87	271127
2024-12-31	743.48	766.54	715.01	754.25	75429
2025-01-01	756.69	767.19	739.88	762.39	18973
2025-01-02	764.80	783.34	742.28	770.43	178564
2025-01-03	767.68	788.22	751.12	761.26	5400
2025-01-06	761.56	770.25	758.59	762.26	244562
2025-01-07	767.88	783.94	730.81	781.02	92849
2025-01-08	779.82	795.89	774.97	777.03	184254
2025-01-09	782.97	800.74	751.98	796.82	281920
2025-01-10	803.08	826.22	764.09	817.68	299231
2025-01-13	819.04	828.80	801.88	822.20	65735
2025-01-14	827.47	843.49	799.51	839.77	9607
2025-01-15	837.29	851.90	820.61	831.51	64927
2025-01-16	834.72	844.06	808.21	842.22	26932
2025-01-17	837.48	859.36	823.05	826.44	168704
2025-01-20	830.75	844.98	810.63	840.80	152828
2025-01-21	846.00	867.13	807.73	858.14	95288
2025-01-22	864.58	888.49	831.59	879.60	118598
2025-01-23	884.59	903.92	853.26	896.24	178269
2025-01-24	897.70	905.31	887.29	901.10	230313
2025-01-27	906.77	922.29	878.59	920.00	255246
2025-01-28	924.38	942.23	894.69	934.60	144687
2025-01-29	939.96	955.03	900.20	952.46	6500
2025-01-30	957.76	973.19	925.26	970.14	30368
2025-01-31	978.47	1014.17	941.24	997.89	206801
2025-02-03	998.07	1012.95	982.04	998.50	294364
2025-02-04	1001.31	1024.13	976.45	1007.86	78323
2025-02-05	1002.86	1042.04	973.49	991.18	69343
2025-02-06	995.67	1021.64	966.39	1006.15	113020
2025-02-07	1000.03	1043.98	975.11	985.75	112742
2025-02-10	994.49	1033.24	943.42	1014.89	28066
2025-02-11	1017.59	1044.20	989.85	1023.91	293866
2025-02-12	1033.11	1056.76	980.87	1054.57	285400
2025-02-13	1054.90	1058.87	1037.23	1055.67	28181
2025-02-14	1051.58	1073.81	1025.17	1042.06	118990
2025-02-17	1048.74	1082.69	1008.18	1064.32	156619
2025-02-18	1065.43	1083.91	1058.58	1068.04	22123
2025-02-19	1069.39	1087.88	1060.18	1072.52	132100
2025-02-20	1079.11	1100.78	1032.48	1094.47	173581
2025-02-21	1098.17	1115.21	1063.51	1106.81	204323
2025-02-24	1108.87	1131.18	1078.38	1113.66	98775
2025-02-25	1121.50	1141.55	1081.06	1139.78	155446
2025-02-26	1145.44	1175.91	1111.80	1158.66	182060
2025-02-27	1160.93	1175.44	1137.45	1166.23	196783
2025-02-28	1159.49	1201.90	1133.26	1143.76	110084
2025-03-03	1144.25	1153.12	1124.30	1145.38	19930
2025-03-04	1149.43	1180.44	1128.86	1158.86	255804
2025-03-05	1154.03	1176.40	1137.75	1142.76	207485
2025-03-06	1147.74	1181.37	1109.91	1159.36	78108
2025-03-07	1167.89	1194.62	1123.77	1187.80	63989
2025-03-10	1192.58	1219.74	1165.26	1203.74	123412
2025-03-11	1213.03	1246.68	1153.41	1234.72	252292
2025-03-12	1237.25	1246.57	1203.99	1243.17	21609
2025-03-13	1243.52	1263.86	1222.79	1244.33	6657
2025-03-14	1245.21	1262.17	1227.07	1247.25	230014
2025-03-17	1238.09	1290.60	1209.45	1216.70	154751
2025-03-18	1224.00	1264.52	1179.76	1241.04	231001
2025-03-19	1243.37	1262.29	1211.93	1248.80	224287
2025-03-20	1253.83	1277.84	1209.13	1265.58	165540
2025-03-21	1271.15	1301.83	1241.31	1284.16	251813
2025-03-24	1274.11	1341.53	1249.14	1250.67	130336
2025-03-25	1260.21	1284.79	1201.52	1282.47	186745
2025-03-26	1283.72	1302.16	1258.94	1286.63	161618
2025-03-27	1284.49	1303.62	1276.30	1279.48	59658
2025-03-28	1285.29	1314.60	1241.97	1298.85	32514
2025-03-31	1302.45	1316.24	1269.98	1310.86	26133
2025-04-01	1318.37	1358.33	1281.85	1335.89	23372
2025-04-02	1345.29	1380.32	1294.10	1367.23	130998
2025-04-03	1372.12	1408.32	1331.68	1383.53	114086
2025-04-04	1373.33	1432.03	1337.62	1349.53	211697
2025-04-07	1350.26	1358.51	1320.54	1351.96	15108
2025-04-08	1355.35	1385.78	1336.81	1363.27	105016
2025-04-09	1371.58	1394.67	1326.78	1390.97	13091
2025-04-10	1394.49	1420.83	1360.46	1402.70	110117
2025-04-11	1405.34	1429.44	1378.45	1411.52	64459
2025-04-14	1404.61	1444.99	1380.23	1388.48	180644
2025-04-15	1377.16	1433.57	1341.67	1350.76	98504
2025-04-16	1355.14	1382.30	1333.55	1365.38	207574
2025-04-17	1372.44	1412.23	1336.04	1388.93	154791
2025-04-18	1395.07	1432.32	1362.41	1409.39	187251
2025-04-21	1419.10	1452.59	1371.47	1441.77	196675
2025-04-22	1429.39	1508.17	1373.16	1400.49	68739
2025-04-23	1407.47	1451.67	1364.57	1423.75	212920
2025-04-24	1433.04	1473.02	1386.85	1454.71	140845
2025-04-25	1458.04	1479.54	1437.66	1465.81	22173
2025-04-28	1456.27	1506.34	1425.75	1434.01	43146
2025-04-29	1435.55	1465.87	1408.63	1439.14	51383
2025-04-30	1448.04	1482.18	1382.51	1468.81	238887
2025-05-01	1477.66	1503.66	1417.16	1498.30	267032
2025-05-02	1499.61	1526.91	1473.38	1502.66	42329
2025-05-05	1506.39	1541.85	1487.66	1515.10	35094
2025-05-06	1518.28	1551.46	1495.30	1525.70	82395
2025-05-07	1535.63	1573.70	1484.95	1558.82	216299
2025-05-08	1571.16	1628.30	1499.12	1599.93	83787
2025-05-09	1603.81	1641.63	1570.32	1612.86	265726
2025-05-12	1613.13	1636.73	1592.77	1613.76	160427
2025-05-13	1606.23	1663.90	1573.39	1588.66	194239
2025-05-14	1598.63	1638.77	1551.39	1621.90	43681
2025-05-15	1624.73	1659.69	1596.70	1631.34	56836
2025-05-16	1635.67	1670.50	1592.90	1645.77	97137
2025-05-19	1647.81	1680.12	1625.64	1652.55	298418
2025-05-20	1638.96	1716.48	1603.81	1607.24	94079
2025-05-21	1601.19	1645.20	1557.56	1587.05	111327
2025-05-22	1590.09	1607.36	1547.20	1597.16	235882
2025-05-23	1608.85	1638.95	1548.65	1636.13	28259
2025-05-26	1633.50	1660.30	1606.52	1627.38	27412
2025-05-27	1635.90	1667.85	1575.06	1655.79	125014
2025-05-28	1658.15	1667.10	1623.28	1663.65	44371
2025-05-29	1678.30	1745.15	1610.57	1712.48	101138
2025-05-30	1714.32	1741.06	1689.96	1718.61	169745
2025-06-02	1720.97	1759.13	1689.97	1726.47	5536
2025-06-03	1736.48	1788.88	1685.14	1759.83	36803
2025-06-04	1747.82	1802.47	1716.36	1719.78	37433
2025-06-05	1731.66	1788.21	1661.46	1759.38	32051
2025-06-06	1763.99	1796.69	1724.84	1774.74	228772
2025-06-09	1788.53	1850.49	1698.91	1820.71	240765
2025-06-10	1824.46	1864.43	1781.15	1833.20	261877
2025-06-11	1844.59	1881.70	1769.32	1871.17	109464
2025-06-12	1868.76	1912.37	1826.43	1863.15	57268
2025-06-13	1864.45	1897.04	1851.36	1867.49	297170
2025-06-16	1866.22	1883.48	1851.93	1863.28	141035
2025-06-17	1865.73	1884.28	1828.36	1871.44	26431
2025-06-18	1870.46	1884.41	1837.71	1868.19	232587
2025-06-19	1870.45	1879.69	1846.81	1875.72	181454
2025-06-20	1890.92	1936.63	1810.34	1926.39	49062
2025-06-23	1929.51	1945.98	1885.69	1936.77	168582
2025-06-24	1943.69	1994.30	1906.91	1959.84	298605
2025-06-25	1973.88	2014.96	1910.22	2006.67	160516
2025-06-26	2023.26	2066.24	1946.23	2061.97	47828
2025-06-27	2071.82	2107.46	2013.82	2094.80	294759
2025-06-30	2098.83	2144.63	2077.61	2108.22	83442
2025-07-01	2117.66	2146.09	2053.35	2139.69	90419
2025-07-02	2122.51	2219.90	2052.11	2082.42	214793
2025-07-03	2099.83	2179.29	2014.69	2140.45	185371
2025-07-04	2150.12	2185.57	2093.18	2172.68	20733
2025-07-07	2179.00	2225.21	2119.59	2193.73	62484
2025-07-08	2212.41	2266.10	2105.60	2255.99	35980
2025-07-09	2273.62	2330.44	2164.76	2314.78	98517
2025-07-10	2317.06	2330.94	2270.55	2322.41	20406
2025-07-11	2317.10	2366.39	2268.73	2304.73	256074
2025-07-14	2321.68	2392.06	2230.83	2361.24	106530
2025-07-15	2375.27	2415.56	2302.63	2408.03	192050
2025-07-16	2412.62	2438.35	2368.60	2423.31	108004
2025-07-17	2431.02	2457.75	2384.97	2449.02	164481
2025-07-18	2430.83	2542.06	2368.85	2388.38	221704
2025-07-21	2382.54	2413.22	2336.72	2368.92	185120
2025-07-22	2385.70	2453.79	2277.99	2424.86	86277
2025-07-23	2434.32	2461.19	2359.24	2456.39	211905
2025-07-24	2453.18	2494.49	2413.55	2445.71	43872
2025-07-25	2436.97	2519.34	2372.36	2416.60	24155
2025-07-28	2422.38	2449.52	2387.63	2435.89	222244
2025-07-29	2431.16	2494.16	2405.13	2420.13	99936
2025-07-30	2421.70	2459.20	2388.77	2425.35	73369
2025-07-31	2446.28	2504.22	2325.35	2495.12	156503
2025-08-01	2517.15	2610.59	2382.15	2568.56	135397
2025-08-04	2587.88	2653.06	2497.32	2632.97	143920
2025-08-05	2633.05	2679.52	2585.22	2633.22	230769
2025-08-06	2646.88	2706.98	2570.99	2678.77	30417
2025-08-07	2697.99	2753.30	2572.75	2742.85	226344
2025-08-08	2765.69	2828.91	2634.17	2818.96	148215
2025-08-11	2810.38	2899.41	2768.64	2790.36	222022
2025-08-12	2798.28	2866.25	2733.27	2816.73	134377
2025-08-13	2827.88	2867.76	2774.29	2853.88	55325
2025-08-14	2877.50	2981.77	2741.30	2932.60	239762
2025-08-15	2940.28	2997.14	2879.88	2958.19	64414
2025-08-18	2980.93	3050.81	2843.56	3033.97	43248
2025-08-19	3028.95	3064.36	2981.30	3017.24	140725
2025-08-20	3021.03	3062.45	2978.40	3029.88	223910
2025-08-21	3032.98	3082.46	2982.45	3040.22	80343
2025-08-22	3013.16	3138.40	2892.43	2950.03	12587
2025-08-25	2963.82	3005.77	2883.74	2996.01	30984
2025-08-26	3018.76	3093.64	2890.31	3071.85	200113
2025-08-27	3089.79	3147.38	2958.13	3131.66	296345
2025-08-28	3143.92	3180.85	3035.51	3172.54	158527
2025-08-29	3192.01	3288.76	3072.77	3237.44	159601
2025-09-01	3228.44	3309.18	3143.74	3207.43	278572
2025-09-02	3227.51	3279.51	3092.51	3274.34	134621
2025-09-03	3245.99	3435.30	3159.38	3179.83	285273
2025-09-04	3173.90	3205.29	3131.89	3160.05	181533
2025-09-05	3188.03	3304.36	3018.87	3253.32	202793
2025-09-08	3270.02	3322.77	3160.78	3308.99	24905
2025-09-09	3328.21	3411.43	3198.89	3373.04	197777
2025-09-10	3361.36	3433.81	3320.45	3334.11	278498
2025-09-11	3347.56	3384.03	3235.80	3378.96	209471
2025-09-12	3405.30	3534.54	3234.11	3466.77	156572
2025-09-15	3476.63	3566.45	3393.47	3499.64	128159
2025-09-16	3508.59	3564.57	3452.64	3529.48	260598
2025-09-17	3557.04	3627.13	3423.06	3621.33	150994
2025-09-18	3614.76	3706.76	3550.11	3599.45	119137
2025-09-19	3599.69	3643.47	3572.87	3600.25	106009
2025-09-22	3626.50	3701.62	3493.07	3687.73	159497
2025-09-23	3685.06	3711.32	3655.32	3678.84	243887
2025-09-24	3686.13	3758.84	3605.41	3703.14	280193
2025-09-25	3717.80	3776.87	3597.45	3751.99	68416
2025-09-26	3778.65	3891.31	3613.37	3840.83	274981
2025-09-29	3851.26	3931.43	3757.50	3875.59	280755
2025-09-30	3849.48	3996.53	3776.55	3788.57	87134
2025-10-01	3801.66	3879.37	3675.47	3832.21	243122
2025-10-02	3835.61	3886.40	3783.66	3843.53	141015
2025-10-03	3840.19	3911.14	3789.61	3832.40	287893
2025-10-06	3854.07	3933.58	3737.92	3904.63	36148
2025-10-07	3908.46	3985.00	3819.06	3917.38	55700
2025-10-08	3950.27	4035.25	3741.81	4027.01	93128
2025-10-09	4027.44	4069.25	3974.81	4028.42	13225
2025-10-10	4040.31	4074.76	3957.11	4068.03	251414
2025-10-13	4072.29	4126.97	4031.79	4082.24	139501
2025-10-14	4112.42	4246.61	3928.42	4182.84	192041
2025-10-15	4173.35	4230.44	4146.30	4151.20	46135
2025-10-16	4150.07	4176.59	4116.17	4147.42	66127
2025-10-17	4157.45	4244.77	4070.23	4180.86	108935
2025-10-20	4210.48	4339.53	4075.82	4279.60	147508
2025-10-21	4278.06	4310.86	4250.86	4274.45	23038
2025-10-22	4258.00	4349.56	4145.80	4219.61	100104
2025-10-23	4243.39	4338.65	4066.38	4298.89	121582
2025-10-24	4328.60	4439.83	4158.47	4397.94	288720
2025-10-27	4398.63	4469.76	4359.43	4400.24	60990
2025-10-28	4377.45	4549.44	4284.24	4324.28	251202
2025-10-29	4343.26	4436.44	4231.26	4387.53	222575
2025-10-30	4412.49	4505.36	4250.22	4470.72	175454
2025-10-31	4499.25	4609.64	4334.14	4565.83	52191
2025-11-03	4589.52	4679.52	4454.58	4644.82	218222
2025-11-04	4653.43	4735.62	4585.86	4673.52	178020
2025-11-05	4686.66	4778.26	4596.01	4717.30	120890
2025-11-06	4759.18	4905.14	4491.78	4856.90	179978
2025-11-07	4868.14	4930.01	4812.73	4894.36	174750
2025-11-10	4869.60	5011.98	4731.35	4811.80	205436
2025-11-11	4825.44	4941.58	4752.76	4857.27	222662
2025-11-12	4849.03	4955.37	4793.93	4829.78	298201
2025-11-13	4820.41	4939.91	4733.24	4798.53	84943
2025-11-14	4784.97	4928.72	4735.47	4753.35	132712
2025-11-17	4749.61	4781.47	4698.00	4740.87	205614
2025-11-18	4780.15	4909.42	4562.00	4871.81	167991
2025-11-19	4902.20	5018.59	4765.62	4973.13	161613
2025-11-20	4983.74	5049.38	4913.04	5008.51	229405
2025-11-21	5012.35	5044.10	4928.75	5021.31	239668
2025-11-24	5034.97	5109.89	4949.02	5066.84	32562
2025-11-25	5044.19	5200.16	4939.63	4991.35	240557
2025-11-26	5000.70	5109.44	4937.55	5022.53	148334
2025-11-27	4997.10	5132.92	4906.98	4937.75	181438
2025-11-28	4946.36	5026.06	4847.00	4966.44	183830
2025-12-01	5000.52	5104.69	4828.81	5080.03	283741
2025-12-02	5096.98	5184.41	4935.24	5136.53	111680
2025-12-03	5173.60	5352.65	4973.95	5260.11	192835
2025-12-04	5270.72	5323.62	5129.44	5295.47	188592
2025-12-05	5254.31	5536.66	5081.35	5158.27	214915
2025-12-08	5186.64	5308.43	4993.11	5252.84	102267
2025-12-09	5284.89	5457.51	5054.04	5359.70	273551
2025-12-10	5405.81	5572.79	5135.80	5513.41	182902
2025-12-11	5519.51	5595.14	5403.04	5533.74	102932
2025-12-12	5538.29	5584.49	5501.62	5548.92	155082
2025-12-15	5567.43	5663.80	5383.40	5610.63	119130
2025-12-16	5627.15	5735.55	5539.14	5665.68	39267
2025-12-17	5698.86	5833.46	5490.39	5776.29	225746
2025-12-18	5810.27	5897.31	5620.98	5889.58	295378
2025-12-19	5923.37	6083.43	5723.42	6002.23	205610
2025-12-22	6050.14	6194.89	5728.22	6161.94	224740
2025-12-23	6214.82	6346.80	5926.26	6338.21	198289
2025-12-24	6388.64	6615.70	6162.91	6506.31	288174
2025-12-25	6460.22	6738.53	6293.22	6352.68	93935
2025-12-26	6315.99	6520.70	6209.67	6230.37	178313
2025-12-29	6274.45	6395.45	6060.06	6377.31	276126
2025-12-30	6377.96	6498.97	6362.15	6379.48	140906
2025-12-31	6351.98	6495.33	6259.33	6287.83	32966
2026-01-01	6327.81	6456.88	6069.61	6421.10	155086
2026-01-02	6468.22	6696.00	6257.33	6578.17	189508
2026-01-05	6623.28	6829.83	6301.17	6728.54	173219
2026-01-06	6739.24	6858.44	6559.23	6764.20	273583
2026-01-07	6771.49	6885.86	6695.41	6788.53	117996
2026-01-08	6790.45	6860.35	6721.58	6794.95	241429
2026-01-09	6845.12	6995.43	6564.80	6962.18	277983
2026-01-12	6986.48	7124.14	6770.89	7043.18	232198
2026-01-13	7075.96	7166.46	6829.38	7152.43	274996
2026-01-14	7100.70	7358.63	6927.92	6980.01	39407
2026-01-15	7032.87	7293.26	6685.43	7156.20	162092
2026-01-16	7197.18	7436.10	6962.24	7292.80	266684
2026-01-19	7314.06	7440.25	7179.29	7363.68	106400
2026-01-20	7334.05	7569.83	7211.04	7264.93	229910
2026-01-21	7321.51	7468.67	6972.36	7453.53	271259
2026-01-22	7399.55	7748.64	7151.70	7273.61	102505
2026-01-23	7256.02	7432.00	7089.94	7214.97	141816
2026-01-26	7254.95	7363.37	7036.24	7348.23	204762
2026-01-27	7410.91	7606.47	7129.01	7557.15	177804
2026-01-28	7605.69	7855.94	7373.84	7718.97	223446
2026-01-29	7784.42	7978.24	7454.78	7937.14	192070
2026-01-30	7921.03	8024.30	7784.50	7883.46	252053
2026-02-02	7942.78	8095.78	7580.24	8081.19	197855
2026-02-03	8095.74	8213.11	7915.14	8129.69	276316
2026-02-04	8081.27	8317.18	7842.03	7968.27	86877
2026-02-05	7985.97	8066.10	7779.51	8027.27	269398
2026-02-06	7977.00	8229.91	7732.37	7859.71	87372
2026-02-09	7873.51	7954.61	7772.07	7905.73	131652
2026-02-10	7911.15	8005.43	7822.25	7923.82	199559
2026-02-11	7971.87	8217.65	7739.67	8083.98	114768
2026-02-12	8148.72	8404.25	7771.76	8299.80	207087
2026-02-13	8369.99	8680.82	7980.85	8533.77	123331
2026-02-16	8536.89	8699.92	8459.26	8544.19	6205
2026-02-17	8573.87	8727.99	8315.55	8643.13	160864
2026-02-18	8578.82	8961.90	8288.26	8428.78	61748
2026-02-19	8456.19	8588.03	8292.59	8520.17	262421
2026-02-20	8531.83	8669.71	8329.72	8559.04	122362
2026-02-23	8632.08	8869.22	8286.41	8802.51	74256
2026-02-24	8750.28	9027.71	8576.83	8628.40	94513
2026-02-25	8699.47	8938.45	8307.99	8865.30	196611
2026-02-26	8828.92	9054.61	8660.91	8744.03	25709
2026-02-27	8762.76	8880.20	8624.08	8806.48	163159
2026-03-02	8834.31	8926.68	8555.55	8899.24	213273
2026-03-03	8819.94	9181.72	8542.19	8634.90	292843
2026-03-04	8637.11	8672.01	8514.24	8642.27	269929
2026-03-05	8669.66	8750.07	8510.98	8733.57	7210
2026-03-06	8785.46	9052.95	8490.03	8906.56	250701
2026-03-09	8943.47	9098.06	8610.61	9029.61	51817
2026-03-10	9066.38	9253.80	8776.31	9152.18	128945
2026-03-11	9212.64	9469.57	8776.11	9353.70	207597
2026-03-12	9430.15	9738.06	9017.65	9608.55	186234
2026-03-13	9620.77	9710.36	9511.54	9649.28	20183
2026-03-16	9705.41	9940.90	9419.60	9836.39	189269
2026-03-17	9813.93	10100.30	9636.10	9761.53	236418
2026-03-18	9806.80	10033.53	9429.33	9912.43	273979
2026-03-19	9983.50	10269.44	9611.05	10149.34	80974
2026-03-20	10177.43	10371.71	10022.72	10242.98	203119
2026-03-23	10281.51	10576.47	10088.32	10371.41	113961
2026-03-24	10410.03	10686.80	10137.36	10500.14	253855
2026-03-25	10534.79	10732.90	10300.88	10615.64	15999
2026-03-26	10574.38	10880.56	10421.22	10478.12	174780
2026-03-27	10397.48	10795.51	10043.11	10209.31	58864
2026-03-30	10299.76	10595.55	9746.19	10510.82	224119
2026-03-31	10475.09	10788.06	10225.02	10391.73	251253
2026-04-01	10429.60	10712.98	10062.99	10517.95	194341
2026-04-02	10581.40	10820.17	10276.50	10729.47	167398
2026-04-03	10706.15	11001.34	10545.30	10651.73	183886
2026-04-06	10652.94	10751.51	10623.47	10655.78	263051
2026-04-07	10722.78	11094.82	10340.59	10879.13	38148
2026-04-08	10929.11	11211.32	10545.76	11045.74	225012
2026-04-09	11091.66	11260.64	10719.86	11198.80	241423
2026-04-10	11199.52	11283.14	11172.62	11201.22	177565
2026-04-13	11286.49	11643.24	10858.54	11485.45	29779
2026-04-14	11527.83	11642.96	11166.34	11626.71	278589
2026-04-15	11654.35	11937.90	11388.33	11718.84	123032
2026-04-16	11798.90	12194.40	11259.22	11985.69	275372
2026-04-17	12002.46	12277.99	11805.97	12041.57	166942
2026-04-20	12083.07	12356.32	11816.68	12179.91	165034
2026-04-21	12280.50	12599.83	11699.40	12515.21	82583
2026-04-22	12543.46	12843.25	12340.86	12609.37	206715
2026-04-23	12626.26	12727.42	12374.36	12665.68	50933
2026-04-24	12727.27	13054.64	12394.46	12870.96	91213
2026-04-27	12911.73	13088.15	12646.36	13006.87	156973
2026-04-28	13019.59	13228.62	12861.21	13049.27	289807
2026-04-29	13125.29	13473.99	12666.96	13302.66	106157
2026-04-30	13352.54	13732.57	12969.70	13468.94	14259
2026-05-01	13489.30	13779.47	13218.70	13536.81	128448