Date	Open	High	Low	Close	Volume
2022-11-21	30.92	31.4	30.81	31.19	55965
2022-11-22	31.16	31.39	30.94	31.08	52956
2022-11-23	31.21	31.64	31.02	31.5	8095
2022-11-24	31.49	31.71	31.25	31.45	5399
2022-11-25	31.15	31.36	30.31	30.44	179577
2022-11-28	30.48	30.8	30.25	30.58	109935
2022-11-29	30.63	30.75	30.62	30.73	167256
2022-11-30	30.54	30.75	29.88	30.08	73833
2022-12-01	30.18	30.52	30.13	30.41	154753
2022-12-02	30.17	30.38	29.62	29.62	95225
2022-12-05	29.75	30.13	29.74	30.06	59821
2022-12-06	30.0	30.28	29.76	29.87	22543
2022-12-07	29.78	29.99	29.51	29.58	101292
2022-12-08	29.51	29.62	29.25	29.33	181378
2022-12-09	29.31	29.37	29.01	29.25	82236
2022-12-12	29.16	29.41	28.8	28.96	101332
2022-12-13	28.78	28.94	28.17	28.36	115202
2022-12-14	28.3	28.32	28.12	28.16	17684
2022-12-15	28.15	28.21	27.98	28.13	157539
2022-12-16	28.29	28.74	28.1	28.68	198430
2022-12-19	28.62	28.69	28.34	28.5	93515
2022-12-20	28.35	28.62	27.83	28.01	188899
2022-12-21	28.29	29.08	28.01	28.95	58436
2022-12-22	29.05	29.48	28.91	29.28	75487
2022-12-23	29.3	29.4	29.22	29.33	86912
2022-12-26	29.06	29.19	28.42	28.42	42948
2022-12-27	28.57	28.92	28.36	28.91	195728
2022-12-28	28.99	29.31	28.97	29.19	53746
2022-12-29	29.25	29.56	29.22	29.38	98593
2022-12-30	29.48	29.95	29.31	29.71	127127
2023-01-02	29.66	29.69	29.47	29.54	71456
2023-01-03	29.63	29.85	29.53	29.83	159851
2023-01-04	30.05	30.75	29.82	30.56	126943
2023-01-05	30.48	30.66	30.25	30.28	16833
2023-01-06	30.4	30.93	30.38	30.67	29869
2023-01-09	30.69	31.03	30.55	30.75	63786
2023-01-10	30.71	30.92	30.46	30.63	62508
2023-01-11	30.59	30.71	30.48	30.51	151632
2023-01-12	30.53	30.78	30.53	30.58	79864
2023-01-13	30.77	31.45	30.5	31.2	125749
2023-01-16	31.02	31.26	30.47	30.61	68997
2023-01-17	30.88	31.58	30.85	31.52	121059
2023-01-18	31.75	32.34	31.57	32.28	129285
2023-01-19	32.39	32.71	32.25	32.63	146301
2023-01-20	32.53	32.79	32.26	32.28	65775
2023-01-23	32.32	32.54	32.01	32.4	152102
2023-01-24	32.29	32.54	31.97	32.02	65191
2023-01-25	32.3	33.06	32.18	32.95	6575
2023-01-26	32.76	32.78	32.15	32.31	167859
2023-01-27	32.2	32.48	31.8	31.93	43104
2023-01-30	32.03	32.5	31.92	32.25	135232
2023-01-31	32.55	33.49	32.23	33.26	121953
2023-02-01	33.16	33.48	32.74	32.94	86645
2023-02-02	33.11	33.55	32.96	33.5	158892
2023-02-03	33.6	33.84	33.53	33.84	49903
2023-02-06	33.87	34.14	33.79	33.93	148244
2023-02-07	34.06	34.61	33.99	34.36	40927
2023-02-08	34.32	34.66	34.1	34.22	19377
2023-02-09	34.29	34.57	34.22	34.47	119208
2023-02-10	34.48	34.77	34.46	34.51	10788
2023-02-13	34.54	34.92	34.29	34.61	71264
2023-02-14	34.7	35.1	34.64	34.91	9190
2023-02-15	35.1	35.55	34.86	35.54	78889
2023-02-16	35.25	35.53	34.52	34.56	187542
2023-02-17	34.52	34.8	34.2	34.43	188526
2023-02-20	34.54	35.13	34.2	34.79	176924
2023-02-21	34.83	34.97	34.51	34.92	160005
2023-02-22	34.88	34.95	34.65	34.78	77979
2023-02-23	34.43	34.51	33.59	33.61	125125
2023-02-24	33.37	33.43	32.62	32.8	158969
2023-02-27	32.78	33.04	32.43	32.72	171043
2023-02-28	32.76	33.18	32.47	32.86	45801
2023-03-01	33.0	33.56	32.98	33.34	104179
2023-03-02	33.42	33.86	33.2	33.61	104285
2023-03-03	33.44	33.55	32.92	33.04	140429
2023-03-06	33.04	33.28	32.88	33.04	57325
2023-03-07	32.77	32.96	32.12	32.13	47807
2023-03-08	32.32	32.83	32.04	32.76	82200
2023-03-09	32.65	32.84	32.1	32.4	77950
2023-03-10	32.69	33.53	32.65	33.35	21385
2023-03-13	33.22	33.41	32.76	32.91	126119
2023-03-14	32.96	33.2	32.81	33.06	84745
2023-03-15	33.1	33.33	33.04	33.2	50589
2023-03-16	33.08	33.29	32.67	32.79	21071
2023-03-17	32.89	33.32	32.63	33.11	185688
2023-03-20	32.96	32.99	32.59	32.61	12464
2023-03-21	32.64	32.82	32.54	32.71	164035
2023-03-22	32.8	33.25	32.71	33.02	142600
2023-03-23	33.55	35.06	33.3	34.8	182914
2023-03-24	34.79	34.79	34.67	34.77	165350
2023-03-27	34.8	35.02	34.6	34.88	132785
2023-03-28	34.72	34.88	34.18	34.36	153426
2023-03-29	34.45	34.74	34.19	34.66	97515
2023-03-30	34.79	35.26	34.52	35.08	152736
2023-03-31	35.05	35.33	34.87	34.98	41630
2023-04-03	34.81	35.08	34.16	34.4	45869
2023-04-04	34.21	34.34	33.57	33.77	30027
2023-04-05	33.83	34.29	33.83	33.97	163028
2023-04-06	34.04	34.34	33.81	34.2	83656
2023-04-07	34.08	34.35	33.61	33.79	68585
2023-04-10	34.05	34.99	34.0	34.67	190764
2023-04-11	34.71	34.91	34.49	34.8	122585
2023-04-12	34.55	34.89	33.91	33.98	81174
2023-04-13	33.79	33.97	33.28	33.34	26184
2023-04-14	33.19	33.49	32.81	32.84	25341
2023-04-17	32.77	32.95	32.6	32.61	139359
2023-04-18	32.52	32.54	31.98	32.29	60344
2023-04-19	32.3	32.39	32.09	32.31	18645
2023-04-20	32.47	32.92	32.19	32.86	85117
2023-04-21	32.92	33.12	32.88	33.07	109608
2023-04-24	33.01	33.33	32.6	32.88	30336
2023-04-25	32.89	32.97	32.75	32.9	143385
2023-04-26	32.7	33.01	32.04	32.23	102982
2023-04-27	32.26	32.55	32.17	32.33	6451
2023-04-28	32.36	32.57	32.1	32.44	107542
2023-05-01	32.48	32.88	32.19	32.58	94739
2023-05-02	32.37	32.46	31.59	31.87	93979
2023-05-03	31.76	31.98	31.29	31.51	63002
2023-05-04	31.31	31.36	30.78	30.86	180493
2023-05-05	30.69	30.92	30.17	30.31	182612
2023-05-08	30.38	30.67	30.09	30.55	51740
2023-05-09	30.71	31.36	30.63	31.09	127476
2023-05-10	31.01	31.23	30.6	30.82	47364
2023-05-11	31.12	31.97	30.81	31.81	112800
2023-05-12	31.87	32.03	31.63	32.0	68572
2023-05-15	32.0	32.14	31.91	31.99	103682
2023-05-16	31.94	32.16	31.57	31.81	79325
2023-05-17	31.82	32.09	31.55	31.85	82351
2023-05-18	31.92	32.37	31.82	32.08	150991
2023-05-19	32.08	32.25	32.06	32.09	111943
2023-05-22	32.11	32.2	31.85	32.15	169104
2023-05-23	32.5	33.39	32.49	33.33	24600
2023-05-24	33.28	33.41	33.13	33.16	153899
2023-05-25	33.34	33.98	33.29	33.75	74826
2023-05-26	33.76	34.0	33.69	33.77	140864
2023-05-29	33.81	34.18	33.54	33.9	129997
2023-05-30	33.83	33.96	33.57	33.67	15220
2023-05-31	33.35	33.35	32.36	32.61	154587
2023-06-01	32.74	33.12	32.71	33.04	87228
2023-06-02	32.98	33.31	32.72	32.83	42469
2023-06-05	32.78	33.07	32.4	32.66	166937
2023-06-06	32.57	32.62	32.31	32.36	86057
2023-06-07	32.46	32.88	32.4	32.7	45388
2023-06-08	32.78	33.15	32.47	32.97	28556
2023-06-09	33.0	33.13	32.87	33.07	66666
2023-06-12	33.21	33.65	33.06	33.52	17873
2023-06-13	33.61	33.93	33.59	33.81	47619
2023-06-14	33.61	33.71	32.93	33.13	196704
2023-06-15	33.28	33.95	33.0	33.62	38434
2023-06-16	33.73	34.32	33.53	33.99	196376
2023-06-19	33.91	34.24	33.5	33.73	69749
2023-06-20	33.51	33.72	32.72	33.01	67003
2023-06-21	33.11	33.46	32.91	33.35	119082
2023-06-22	33.21	33.34	32.68	32.89	50322
2023-06-23	32.51	32.59	31.44	31.63	179871
2023-06-26	31.41	31.51	30.66	30.89	152662
2023-06-27	30.85	30.97	30.68	30.77	34575
2023-06-28	30.74	30.8	30.65	30.66	185064
2023-06-29	30.39	30.61	29.65	29.75	59234
2023-06-30	29.56	29.75	28.91	29.13	106570
2023-07-03	29.32	29.85	29.31	29.76	170152
2023-07-04	29.73	29.83	29.6	29.67	110165
2023-07-05	29.83	30.3	29.62	30.22	145302
2023-07-06	30.11	30.29	29.74	29.85	67719
2023-07-07	29.84	30.1	29.78	29.8	42530
2023-07-10	29.81	30.01	29.77	29.82	44822
2023-07-11	29.97	30.57	29.69	30.32	51080
2023-07-12	30.42	30.67	30.2	30.65	65735
2023-07-13	30.63	30.68	30.51	30.59	60643
2023-07-14	30.49	30.63	30.06	30.25	58012
2023-07-17	30.26	30.58	30.14	30.29	37714
2023-07-18	30.24	30.37	29.96	30.11	148310
2023-07-19	30.13	30.4	30.12	30.16	79376
2023-07-20	29.91	30.17	29.11	29.33	184698
2023-07-21	29.27	29.48	29.05	29.12	95411
2023-07-24	29.08	29.21	28.87	28.98	123174
2023-07-25	29.04	29.33	29.0	29.19	41977
2023-07-26	29.22	29.3	29.07	29.3	146442
2023-07-27	29.0	29.27	28.03	28.3	77763
2023-07-28	28.32	28.49	28.14	28.35	119720
2023-07-31	28.32	28.58	28.14	28.25	115293
2023-08-01	28.27	28.38	28.15	28.32	54775
2023-08-02	28.5	29.05	28.36	28.9	139255
2023-08-03	28.79	28.99	28.35	28.54	185671
2023-08-04	28.53	28.54	28.28	28.51	128035
2023-08-07	28.42	28.61	27.99	28.19	130840
2023-08-08	28.18	28.37	28.09	28.16	122419
2023-08-09	28.3	28.9	28.06	28.63	7405
2023-08-10	28.65	28.97	28.54	28.71	119301
2023-08-11	28.53	28.79	27.95	28.1	41820
2023-08-14	27.89	27.96	27.32	27.4	193698
2023-08-15	27.51	27.94	27.4	27.76	65055
2023-08-16	27.54	27.74	27.02	27.04	129055
2023-08-17	27.17	27.69	27.08	27.48	32829
2023-08-18	27.48	27.59	27.4	27.48	197469
2023-08-21	27.2	27.42	26.53	26.53	18619
2023-08-22	26.48	26.65	26.18	26.37	38273
2023-08-23	26.23	26.33	25.74	25.92	43614
2023-08-24	26.04	26.44	25.83	26.32	41199
2023-08-25	26.58	27.22	26.53	27.2	153037
2023-08-28	27.19	27.3	26.98	27.15	126762
2023-08-29	27.41	28.27	27.36	28.03	62159
2023-08-30	27.96	28.06	27.63	27.79	98189
2023-08-31	27.86	28.22	27.83	28.03	16906
2023-09-01	28.03	28.19	27.75	28.03	23884
2023-09-04	28.02	28.17	27.98	27.98	122582
2023-09-05	28.19	28.96	28.06	28.69	70720
2023-09-06	28.67	28.79	28.52	28.63	178579
2023-09-07	28.87	29.7	28.68	29.42	78794
2023-09-08	29.42	29.44	29.32	29.42	69399
2023-09-11	29.54	30.03	29.33	29.82	178154
2023-09-12	29.91	30.15	29.73	30.11	174456
2023-09-13	30.07	30.32	29.87	29.98	125578
2023-09-14	30.19	30.87	30.05	30.67	85559
2023-09-15	30.82	31.48	30.57	31.18	8242
2023-09-18	31.56	32.57	31.55	32.45	162473
2023-09-19	32.38	32.58	32.08	32.21	124455
2023-09-20	32.35	32.7	32.21	32.67	186639
2023-09-21	33.06	34.27	32.76	33.98	148184
2023-09-22	33.79	33.89	33.28	33.35	32916
2023-09-25	33.16	33.44	32.53	32.7	29932
2023-09-26	32.68	32.94	32.52	32.62	136247
2023-09-27	32.33	32.38	31.53	31.67	27557
2023-09-28	31.58	31.79	31.3	31.38	46269
2023-09-29	31.38	31.42	31.24	31.39	144574
2023-10-02	31.18	31.23	30.41	30.7	181016
2023-10-03	30.71	30.81	30.56	30.73	180014
2023-10-04	30.63	30.67	30.37	30.41	109235
2023-10-05	30.4	30.61	30.12	30.38	186697
2023-10-06	30.32	30.55	30.0	30.18	130577
2023-10-09	30.03	30.25	29.56	29.67	130209
2023-10-10	29.82	30.34	29.56	30.17	162647
2023-10-11	30.18	30.24	30.15	30.21	149413
2023-10-12	30.28	30.72	30.05	30.43	27640
2023-10-13	30.25	30.54	29.66	29.83	5327
2023-10-16	30.02	30.5	29.86	30.48	170188
2023-10-17	30.6	30.99	30.39	30.88	160330
2023-10-18	30.86	31.02	30.64	30.83	48317
2023-10-19	30.69	30.83	30.33	30.37	188863
2023-10-20	30.47	30.98	30.32	30.72	93877
2023-10-23	30.66	30.86	30.27	30.51	142078
2023-10-24	30.46	30.64	30.27	30.36	198115
2023-10-25	30.69	31.68	30.54	31.46	166594
2023-10-26	31.8	32.74	31.58	32.58	78458
2023-10-27	32.71	33.29	32.64	33.02	147868
2023-10-30	33.0	33.27	32.74	32.97	15250
2023-10-31	33.03	33.33	32.9	33.17	196955
2023-11-01	33.1	33.32	32.65	32.93	198257
2023-11-02	32.8	33.02	32.18	32.5	152754
2023-11-03	32.46	32.59	32.2	32.37	60192
2023-11-06	32.34	32.62	32.13	32.26	30525
2023-11-07	32.17	32.41	31.77	31.96	161988
2023-11-08	32.09	32.55	32.04	32.4	31824
2023-11-09	32.21	32.43	31.69	31.78	33240
2023-11-10	31.83	32.17	31.83	31.94	146561
2023-11-13	32.17	32.91	31.95	32.72	197754
2023-11-14	32.94	33.58	32.66	33.44	185567
2023-11-15	33.73	34.45	33.4	34.42	40028
2023-11-16	34.83	36.02	34.62	35.79	194096
2023-11-17	35.93	36.5	35.78	36.27	11628
2023-11-20	36.28	36.55	35.93	36.3	132295
2023-11-21	36.49	37.06	36.24	36.92	160088
2023-11-22	36.76	37.08	36.15	36.39	58667
2023-11-23	36.15	36.39	35.46	35.59	28400
2023-11-24	35.75	36.36	35.57	36.12	9490
2023-11-27	36.21	36.64	36.0	36.43	58376
2023-11-28	36.42	36.49	36.22	36.4	130696
2023-11-29	36.11	36.27	35.22	35.42	24391
2023-11-30	35.74	36.78	35.67	36.49	163509
2023-12-01	36.63	36.96	36.43	36.95	109601
2023-12-04	37.02	37.38	36.8	37.19	144181
2023-12-05	37.01	37.3	36.54	36.59	151832
2023-12-06	36.93	37.8	36.71	37.73	40087
2023-12-07	37.65	37.86	37.16	37.46	28993
2023-12-08	37.54	37.78	37.33	37.72	171032
2023-12-11	37.8	38.0	37.43	37.99	103698
2023-12-12	37.85	38.01	37.17	37.52	5016
2023-12-13	37.68	38.16	37.32	38.05	106291
2023-12-14	38.1	38.38	37.88	38.21	140544
2023-12-15	37.96	38.16	37.01	37.38	73662
2023-12-18	37.27	37.31	36.7	37.0	51234
2023-12-19	36.97	37.04	36.79	36.9	167362
2023-12-20	37.12	37.7	36.99	37.62	30055
2023-12-21	37.56	37.79	37.38	37.41	54718
2023-12-22	37.14	37.29	36.48	36.51	54564
2023-12-25	36.75	37.47	36.49	37.31	109501
2023-12-26	37.55	38.5	37.29	38.12	42562
2023-12-27	38.24	38.65	37.99	38.51	164999
2023-12-28	38.36	38.42	37.65	38.03	89557
2023-12-29	37.92	37.93	37.43	37.66	20117
2024-01-01	37.72	38.06	37.7	37.85	129834
2024-01-02	37.91	38.18	37.78	38.04	58284
2024-01-03	38.12	38.31	37.98	38.31	193910
2024-01-04	38.22	38.36	37.96	38.0	185498
2024-01-05	38.12	38.53	37.81	38.41	100475
2024-01-08	38.66	39.44	38.39	39.23	173752
2024-01-09	39.0	39.35	38.39	38.46	189569
2024-01-10	38.38	38.53	38.07	38.2	149552
2024-01-11	38.41	39.11	38.08	38.88	97988
2024-01-12	38.83	38.88	38.73	38.73	105145
2024-01-15	38.78	39.04	38.49	38.89	15308
2024-01-16	38.96	39.41	38.58	39.13	142962
2024-01-17	39.13	39.41	39.06	39.13	197318
2024-01-18	39.37	40.25	39.17	39.93	58785
2024-01-19	39.54	39.89	38.33	38.64	64511
2024-01-22	38.82	39.58	38.45	39.24	84270
2024-01-23	39.21	39.24	38.84	39.13	189249
2024-01-24	39.2	39.42	39.18	39.36	149964
2024-01-25	39.16	39.5	38.33	38.7	87676
2024-01-26	38.63	38.83	38.19	38.47	98532
2024-01-29	37.86	38.2	36.19	36.44	84066
2024-01-30	36.38	36.6	35.92	36.25	150453
2024-01-31	36.19	36.46	35.97	36.06	149101
2024-02-01	35.81	36.15	34.94	35.23	176664
2024-02-02	35.01	35.22	34.18	34.51	136531
2024-02-05	34.47	34.77	34.2	34.38	48888
2024-02-06	34.64	35.43	34.31	35.25	87430
2024-02-07	35.39	35.85	35.26	35.71	27080
2024-02-08	35.81	36.24	35.54	36.05	27983
2024-02-09	35.99	36.1	35.72	35.83	46547
2024-02-12	35.81	35.89	35.66	35.77	186956
2024-02-13	35.56	35.79	34.78	35.07	11908
2024-02-14	34.86	35.03	34.24	34.36	125028
2024-02-15	34.41	34.63	34.29	34.52	6005
2024-02-16	34.6	34.89	34.56	34.77	100948
2024-02-19	34.7	34.73	34.37	34.55	34973
2024-02-20	34.68	35.02	34.45	34.97	49088
2024-02-21	35.1	35.53	34.99	35.39	88526
2024-02-22	35.51	35.83	35.35	35.79	168674
2024-02-23	36.06	36.74	35.93	36.68	89622
2024-02-26	36.47	36.54	35.9	35.97	12849
2024-02-27	36.22	36.96	35.95	36.81	180694
2024-02-28	36.87	37.18	36.62	37.0	56830
2024-02-29	37.09	37.47	36.89	37.31	160964
2024-03-01	37.27	37.55	36.86	37.19	102862
2024-03-04	37.04	37.38	36.39	36.7	80825
2024-03-05	36.76	36.91	36.7	36.9	102500
2024-03-06	36.95	37.34	36.86	37.06	137270
2024-03-07	36.81	37.08	36.06	36.22	61445
2024-03-08	36.59	37.64	36.31	37.46	53310
2024-03-11	37.57	37.93	37.28	37.84	173512
2024-03-12	38.0	38.77	37.91	38.39	165018
2024-03-13	38.47	38.98	38.2	38.67	102955
2024-03-14	38.93	39.59	38.54	39.52	120283
2024-03-15	39.43	39.48	39.21	39.23	198127
2024-03-18	39.13	39.49	38.73	38.9	125211
2024-03-19	38.95	39.21	38.83	39.05	128495
2024-03-20	39.08	39.23	38.95	39.14	98443
2024-03-21	38.88	39.0	38.19	38.29	59708
2024-03-22	38.27	38.4	38.07	38.23	67368
2024-03-25	38.28	38.4	37.99	38.38	46335
2024-03-26	38.39	38.6	38.04	38.42	24648
2024-03-27	38.59	39.11	38.47	38.97	23893
2024-03-28	39.36	40.28	39.14	40.27	173084
2024-03-29	40.12	40.26	39.47	39.78	108128
2024-04-01	40.03	40.78	39.77	40.63	45956
2024-04-02	40.34	40.39	39.38	39.67	28469
2024-04-03	39.92	40.73	39.56	40.49	132599
2024-04-04	40.59	41.21	40.56	40.83	111582
2024-04-05	41.09	41.85	40.79	41.71	197980
2024-04-08	41.8	42.02	41.72	42.0	112346
2024-04-09	42.28	43.06	41.91	42.95	171420
2024-04-10	43.38	44.8	43.19	44.4	144878
2024-04-11	44.1	44.5	43.36	43.39	86705
2024-04-12	43.6	44.09	43.34	44.08	140857
2024-04-15	43.98	44.04	43.72	43.74	115404
2024-04-16	43.82	44.33	43.65	44.0	138515
2024-04-17	43.7	44.08	42.59	43.01	37276
2024-04-18	43.01	43.35	42.83	43.0	57941
2024-04-19	42.81	42.89	42.28	42.35	47472
2024-04-22	42.22	42.55	41.72	41.91	143012
2024-04-23	41.54	41.76	40.56	40.68	47965
2024-04-24	40.62	40.69	40.45	40.47	51452
2024-04-25	40.24	40.26	39.66	39.72	177302
2024-04-26	39.84	40.46	39.58	40.14	53556
2024-04-29	40.07	40.4	39.71	39.92	5272
2024-04-30	39.78	39.93	39.41	39.44	142565
2024-05-01	39.64	40.31	39.35	40.09	84626
2024-05-02	39.97	39.99	39.35	39.67	165666
2024-05-03	39.57	39.66	38.94	39.32	39463
2024-05-06	39.53	40.42	39.22	40.03	157200
2024-05-07	39.99	40.03	39.59	39.89	79486
2024-05-08	39.68	39.93	38.97	39.19	164285
2024-05-09	38.89	38.98	38.1	38.2	118424
2024-05-10	38.3	38.59	38.21	38.53	146625
2024-05-13	38.26	38.4	37.28	37.62	23269
2024-05-14	37.66	38.09	37.59	37.76	100651
2024-05-15	37.86	38.36	37.61	38.08	9104
2024-05-16	38.13	38.41	37.9	38.26	18543
2024-05-17	38.35	38.59	38.26	38.56	182280
2024-05-20	38.64	39.01	38.36	38.81	162558
2024-05-21	38.79	39.02	38.6	38.75	9039
2024-05-22	38.88	39.45	38.86	39.2	53426
2024-05-23	38.93	38.96	38.26	38.31	127339
2024-05-24	38.76	40.17	38.72	39.79	148545
2024-05-27	39.83	40.05	39.55	39.91	44452
2024-05-28	39.68	39.86	39.08	39.14	69692
2024-05-29	39.17	39.28	39.15	39.22	139948
2024-05-30	39.15	39.47	38.96	39.0	62864
2024-05-31	38.93	39.13	38.46	38.78	32657
2024-06-03	38.81	39.05	38.75	38.88	132796
2024-06-04	38.86	38.95	38.46	38.8	80025
2024-06-05	39.04	39.64	38.97	39.6	26476
2024-06-06	39.38	39.42	38.49	38.86	74675
2024-06-07	38.79	39.15	38.27	38.63	179639
2024-06-10	38.57	38.8	38.36	38.43	108443
2024-06-11	38.22	38.28	37.47	37.72	63804
2024-06-12	37.57	37.88	37.08	37.21	25264
2024-06-13	37.42	38.26	37.12	37.91	143704
2024-06-14	37.78	37.81	37.48	37.48	186953
2024-06-17	37.62	38.08	37.47	37.96	145661
2024-06-18	38.16	38.92	37.98	38.62	18126
2024-06-19	38.23	38.34	37.29	37.32	198980
2024-06-20	37.12	37.19	36.51	36.65	67266
2024-06-21	36.42	36.57	35.61	35.89	70025
2024-06-24	36.0	36.56	35.76	36.27	52952
2024-06-25	36.1	36.29	35.52	35.71	165173
2024-06-26	35.8	36.15	35.59	36.01	87258
2024-06-27	35.79	36.06	35.02	35.27	50862
2024-06-28	35.15	35.15	34.53	34.88	8345
2024-07-01	34.51	34.83	33.63	33.65	73122
2024-07-02	33.51	33.79	32.9	33.19	164707
2024-07-03	33.17	33.45	32.79	33.11	183026
2024-07-04	33.19	33.45	32.92	33.37	15893
2024-07-05	33.62	34.44	33.49	34.2	10137
2024-07-08	34.5	35.54	34.37	35.2	141773
2024-07-09	35.17	35.46	34.78	35.09	10886
2024-07-10	35.04	35.17	34.88	34.91	20027
2024-07-11	34.65	34.7	33.98	34.04	149993
2024-07-12	33.92	34.17	33.41	33.64	63404
2024-07-15	33.52	33.78	33.02	33.25	60919
2024-07-16	33.32	33.54	33.03	33.49	11263
2024-07-17	33.49	33.49	33.21	33.49	137581
2024-07-18	33.31	33.6	32.71	32.89	166756
2024-07-19	33.04	33.64	32.9	33.4	35576
2024-07-22	33.31	33.63	32.94	33.11	195695
2024-07-23	33.18	33.56	33.11	33.35	40820
2024-07-24	33.42	33.84	33.23	33.59	169134
2024-07-25	33.66	33.93	33.44	33.82	166314
2024-07-26	33.66	33.72	33.03	33.3	131096
2024-07-29	33.32	33.41	33.12	33.38	170088
2024-07-30	33.45	33.61	33.36	33.6	110605
2024-07-31	33.79	34.48	33.69	34.22	112579
2024-08-01	34.3	34.71	34.29	34.49	57487
2024-08-02	34.69	35.35	34.42	35.15	13907
2024-08-05	35.12	35.23	34.72	35.05	6653
2024-08-06	34.97	35.11	34.71	34.78	151609
2024-08-07	34.88	35.36	34.54	35.11	142018
2024-08-08	35.24	35.81	35.2	35.55	162461
2024-08-09	35.64	35.91	35.43	35.86	79511
2024-08-12	35.59	35.69	34.9	34.95	95305
2024-08-13	34.79	35.1	34.39	34.42	145100
2024-08-14	34.63	35.35	34.36	35.12	36404
2024-08-15	34.93	35.27	34.3	34.48	147100
2024-08-16	34.27	34.39	33.51	33.78	71109
2024-08-19	33.49	33.61	32.55	32.83	89025
2024-08-20	33.03	33.61	32.96	33.48	124025
2024-08-21	33.31	33.33	32.88	32.93	127418
2024-08-22	32.66	32.71	31.76	32.04	111691
2024-08-23	32.04	32.36	31.79	32.05	21997
2024-08-26	32.15	32.7	32.1	32.4	59622
2024-08-27	32.47	32.75	32.44	32.63	39941
2024-08-28	32.65	32.83	32.57	32.68	175948
2024-08-29	32.57	32.78	32.25	32.3	29173
2024-08-30	32.26	32.54	32.04	32.17	172115
2024-09-02	32.15	32.44	32.07	32.11	76512
2024-09-03	32.31	32.89	32.09	32.77	103658
2024-09-04	32.47	32.56	31.49	31.77	138098
2024-09-05	31.62	31.85	31.19	31.27	165140
2024-09-06	31.13	31.13	30.55	30.81	61678
2024-09-09	30.89	31.08	30.77	31.06	95144
2024-09-10	31.18	31.48	31.03	31.45	130284
2024-09-11	31.58	31.91	31.35	31.88	183904
2024-09-12	31.79	32.08	31.32	31.56	43896
2024-09-13	31.5	31.81	31.21	31.36	141946
2024-09-16	31.47	31.87	31.38	31.72	12465
2024-09-17	31.81	32.22	31.71	32.02	11108
2024-09-18	32.15	32.67	32.03	32.47	187609
2024-09-19	32.37	32.52	32.12	32.14	174264
2024-09-20	32.26	32.84	32.04	32.53	57620
2024-09-23	32.49	32.51	32.26	32.39	63175
2024-09-24	32.34	32.57	31.96	32.24	107331
2024-09-25	32.19	32.46	32.03	32.06	180820
2024-09-26	31.96	32.07	31.49	31.73	37083
2024-09-27	31.64	31.79	31.22	31.44	36334
2024-09-30	31.56	32.06	31.45	31.84	140115
2024-10-01	31.82	32.07	31.6	31.79	20172
2024-10-02	31.8	32.04	31.6	31.83	68127
2024-10-03	32.17	33.19	31.93	32.95	66720
2024-10-04	32.92	32.97	32.7	32.85	33759
2024-10-07	32.9	33.33	32.77	33.01	106534
2024-10-08	32.95	32.95	32.67	32.82	167339
2024-10-09	32.93	33.52	32.9	33.2	47631
2024-10-10	33.32	33.91	33.18	33.58	111486
2024-10-11	33.65	33.94	33.33	33.82	194490
2024-10-14	33.95	34.44	33.95	34.24	163686
2024-10-15	34.57	35.51	34.27	35.33	141366
2024-10-16	35.36	35.67	35.2	35.44	85025
2024-10-17	35.32	35.5	34.77	35.04	27109
2024-10-18	35.2	35.62	35.05	35.56	39494
2024-10-21	35.39	35.53	34.7	35.0	139267
2024-10-22	34.89	35.04	34.53	34.63	125973
2024-10-23	34.9	35.89	34.62	35.54	25243
2024-10-24	35.4	35.63	34.84	35.06	85199
2024-10-25	34.8	35.12	34.15	34.18	91600
2024-10-28	34.18	34.4	34.17	34.2	61531
2024-10-29	34.1	34.26	33.75	33.88	43134
2024-10-30	33.93	34.21	33.89	34.05	193685
2024-10-31	34.18	34.78	33.94	34.5	149524
2024-11-01	34.42	34.42	34.09	34.22	48667
2024-11-04	34.15	34.24	33.71	34.0	160051
2024-11-05	34.31	35.17	34.23	35.02	180536
2024-11-06	34.99	35.04	34.81	34.94	164257
2024-11-07	34.95	35.27	34.74	34.98	70342
2024-11-08	35.46	36.66	35.11	36.57	42568
2024-11-11	36.44	36.67	35.83	36.13	161259
2024-11-12	36.05	36.28	35.52	35.87	38874
2024-11-13	35.83	36.15	35.55	35.73	90293
2024-11-14	35.96	36.69	35.73	36.51	157934
2024-11-15	36.68	37.39	36.45	37.08	55744
2024-11-18	36.69	36.76	35.76	35.79	90297
2024-11-19	35.66	35.88	35.15	35.36	10424
2024-11-20	35.26	35.29	34.91	35.04	149756
2024-11-21	34.7	34.75	33.74	33.89	128142
2024-11-22	33.82	34.12	33.55	33.65	109406
2024-11-25	33.74	34.02	33.48	33.94	158279
2024-11-26	33.97	34.12	33.65	34.03	127350
2024-11-27	33.81	34.03	33.09	33.28	25166
2024-11-28	33.08	33.12	32.54	32.63	179447
2024-11-29	32.68	32.83	32.52	32.8	75472
2024-12-02	32.88	33.22	32.87	33.06	19347
2024-12-03	32.93	33.25	32.62	32.64	139030
2024-12-04	32.55	32.85	32.08	32.34	40062
2024-12-05	32.43	32.64	32.37	32.64	115622
2024-12-06	32.61	32.93	32.22	32.54	99362
2024-12-09	32.52	32.72	32.28	32.46	35885
2024-12-10	32.44	32.5	32.39	32.4	9492
2024-12-11	32.07	32.23	31.24	31.29	174040
2024-12-12	31.36	31.64	31.29	31.54	146910
2024-12-13	31.61	32.06	31.53	31.76	98907
2024-12-16	31.89	32.36	31.8	32.18	150312
2024-12-17	32.14	32.3	31.89	32.05	82988
2024-12-18	32.08	32.37	31.8	32.15	59811
2024-12-19	32.23	32.56	32.04	32.43	154457
2024-12-20	32.33	32.64	31.94	32.1	177157
2024-12-23	32.34	33.03	32.1	32.89	164098
2024-12-24	32.74	32.88	32.22	32.4	77922
2024-12-25	32.26	32.46	31.91	31.93	37613
2024-12-26	32.1	32.68	32.01	32.49	166203
2024-12-27	32.53	32.82	32.22	32.61	73689
2024-12-30	32.7	33.02	32.44	32.91	74760
2024-12-31	32.93	32.99	32.71	32.97	77533
2025-01-01	32.98	33.12	32.98	33.01	69129
2025-01-02	32.93	33.08	32.5	32.76	180255
2025-01-03	32.62	32.82	32.14	32.31	25069
2025-01-06	32.26	32.35	31.93	32.13	177255
2025-01-07	32.17	32.54	32.03	32.25	152459
2025-01-08	32.21	32.31	32.0	32.1	43439
2025-01-09	32.15	32.6	32.01	32.28	29198
2025-01-10	32.12	32.17	31.64	31.74	79657
2025-01-13	31.64	31.84	31.12	31.39	197651
2025-01-14	31.34	31.63	31.12	31.21	169120
2025-01-15	30.97	31.25	30.38	30.39	130731
2025-01-16	30.56	30.97	30.53	30.95	161490
2025-01-17	30.93	31.16	30.77	30.89	113507
2025-01-20	30.78	30.88	30.33	30.52	81698
2025-01-21	30.47	30.73	30.06	30.35	28675
2025-01-22	30.21	30.32	29.7	29.88	10711
2025-01-23	29.9	29.97	29.8	29.94	139081
2025-01-24	29.95	30.09	29.9	29.96	42276
2025-01-27	30.07	30.58	29.77	30.31	187151
2025-01-28	30.23	30.49	29.98	30.06	158064
2025-01-29	30.31	30.92	30.21	30.9	124486
2025-01-30	31.12	31.88	31.04	31.62	38216
2025-01-31	31.72	32.0	31.45	31.96	151841
2025-02-03	32.08	32.65	31.77	32.36	85592
2025-02-04	32.29	32.46	31.93	32.12	133947
2025-02-05	32.14	32.51	32.04	32.2	147518
2025-02-06	32.22	32.36	32.19	32.26	113910
2025-02-07	32.37	32.91	32.16	32.63	148377
2025-02-10	32.65	33.0	32.63	32.68	7559
2025-02-11	32.74	32.94	32.47	32.87	41643
2025-02-12	32.95	33.34	32.78	33.14	172399
2025-02-13	33.2	33.6	33.1	33.35	93534
2025-02-14	33.45	33.99	33.38	33.68	75910
2025-02-17	33.83	34.5	33.54	34.17	105125
2025-02-18	34.19	34.33	34.13	34.23	64893
2025-02-19	34.13	34.43	33.68	33.9	33721
2025-02-20	34.08	34.58	33.78	34.5	41470
2025-02-21	34.32	34.33	33.68	33.9	93264
2025-02-24	33.86	33.89	33.63	33.78	34370
2025-02-25	34.13	35.11	33.96	34.93	15365
2025-02-26	34.92	35.15	34.63	34.89	87404
2025-02-27	34.96	35.22	34.82	35.12	120839
2025-02-28	34.94	35.09	34.27	34.51	131037
2025-03-03	34.48	34.81	34.31	34.39	15361
2025-03-04	34.51	34.8	34.48	34.78	49160
2025-03-05	34.81	35.09	34.56	34.87	81422
2025-03-06	35.07	35.86	34.98	35.55	45112
2025-03-07	35.7	36.34	35.58	36.06	61158
2025-03-10	35.84	35.87	35.15	35.33	141591
2025-03-11	35.18	35.35	34.72	34.83	181800
2025-03-12	34.84	34.88	34.77	34.86	180474
2025-03-13	34.99	35.36	34.99	35.31	97547
2025-03-14	35.26	35.35	35.11	35.14	137444
2025-03-17	35.22	35.72	35.01	35.42	194060
2025-03-18	35.26	35.35	34.84	34.88	164690
2025-03-19	34.79	34.99	34.23	34.57	167895
2025-03-20	34.48	34.53	34.23	34.26	64397
2025-03-21	34.24	34.49	34.06	34.21	148288
2025-03-24	34.33	34.77	34.2	34.6	7644
2025-03-25	34.59	34.71	34.32	34.57	178817
2025-03-26	34.62	35.03	34.41	34.72	26988
2025-03-27	34.41	34.65	33.45	33.7	9041
2025-03-28	34.0	34.91	33.95	34.68	102077
2025-03-31	34.64	34.72	34.28	34.54	194791
2025-04-01	34.38	34.45	33.67	33.99	129553
2025-04-02	34.18	34.97	33.88	34.64	137366
2025-04-03	34.78	35.43	34.6	35.09	56735
2025-04-04	34.99	35.23	34.44	34.75	81250
2025-04-07	34.32	34.43	33.29	33.3	106415
2025-04-08	33.54	34.21	33.33	34.09	89524
2025-04-09	33.7	33.97	32.71	32.8	194046
2025-04-10	32.91	33.33	32.68	33.16	95931
2025-04-11	33.39	34.13	33.17	33.92	64210
2025-04-14	34.24	35.09	33.97	34.99	8040
2025-04-15	35.11	35.61	35.09	35.4	64635
2025-04-16	35.43	35.66	35.2	35.51	5125
2025-04-17	35.51	35.61	35.2	35.5	134738
2025-04-18	35.65	36.27	35.59	35.99	21770
2025-04-21	35.92	35.99	35.54	35.75	20739
2025-04-22	36.28	37.59	36.11	37.51	74153
2025-04-23	37.6	37.97	37.24	37.81	24137
2025-04-24	37.58	37.68	36.95	37.06	65593
2025-04-25	36.83	36.95	36.07	36.28	138247
2025-04-28	36.18	36.25	35.9	35.95	113085
2025-04-29	35.93	36.13	35.64	35.87	111436
2025-04-30	35.93	36.22	35.62	36.08	90194
2025-05-01	36.19	36.56	35.85	36.45	143956
2025-05-02	36.58	37.07	36.42	36.9	86998
2025-05-05	36.86	37.07	36.43	36.78	87079
2025-05-06	36.8	37.12	36.57	36.84	63966
2025-05-07	36.85	36.91	36.65	36.86	115287
2025-05-08	37.06	37.63	36.78	37.52	81568
2025-05-09	37.5	37.8	37.13	37.46	94743
2025-05-12	37.47	37.51	37.45	37.49	166829
2025-05-13	37.4	37.44	37.08	37.19	98886
2025-05-14	37.07	37.19	36.76	36.78	149392
2025-05-15	36.65	36.67	36.29	36.36	33109
2025-05-16	36.12	36.39	35.38	35.56	48590
2025-05-19	35.42	35.53	34.98	35.09	197885
2025-05-20	34.81	34.81	34.0	34.17	139116
2025-05-21	34.17	34.38	34.13	34.17	23888
2025-05-22	34.17	34.24	34.01	34.17	167381
2025-05-23	34.12	34.16	33.86	34.0	196625
2025-05-26	34.02	34.34	33.73	34.06	111610
2025-05-27	34.16	34.69	33.95	34.39	89308
2025-05-28	34.18	34.4	33.62	33.68	164617
2025-05-29	33.63	33.88	33.33	33.51	97850
2025-05-30	33.43	33.53	33.03	33.25	192022
2025-06-02	33.03	33.16	32.28	32.51	25930
2025-06-03	32.52	32.68	32.38	32.54	10454
2025-06-04	32.36	32.36	31.83	31.93	130796
2025-06-05	31.98	32.38	31.78	32.09	13313
2025-06-06	32.4	33.27	32.17	33.12	58996
2025-06-09	32.91	33.23	32.29	32.41	171888
2025-06-10	32.27	32.5	31.84	31.96	17239
2025-06-11	31.96	32.17	31.84	31.95	145245
2025-06-12	31.83	32.08	31.45	31.54	153708
2025-06-13	31.73	32.27	31.61	32.17	183651
2025-06-16	32.08	32.23	31.67	31.88	117327
2025-06-17	31.77	32.06	31.27	31.51	107459
2025-06-18	31.6	32.1	31.49	31.8	125407
2025-06-19	31.89	32.24	31.88	32.11	171146
2025-06-20	32.14	32.26	31.84	32.23	97900
2025-06-23	32.28	32.66	31.96	32.41	162668
2025-06-24	32.4	32.69	32.31	32.37	179032
2025-06-25	32.26	32.5	31.88	32.01	17552
2025-06-26	31.96	32.23	31.81	31.83	153853
2025-06-27	31.78	31.97	31.41	31.68	185092
2025-06-30	31.58	31.7	31.05	31.36	116887
2025-07-01	31.56	32.08	31.48	32.02	90315
2025-07-02	32.0	32.05	31.69	31.95	162691
2025-07-03	32.04	32.32	31.85	32.26	127677
2025-07-04	32.21	32.47	31.81	32.1	75114
2025-07-07	32.01	32.14	31.65	31.82	19033
2025-07-08	31.91	32.41	31.71	32.12	101754
2025-07-09	32.33	33.1	32.15	32.83	97377
2025-07-10	32.71	32.89	32.38	32.42	18095
2025-07-11	32.58	33.1	32.46	32.96	18819
2025-07-14	33.19	33.82	33.15	33.72	49961
2025-07-15	33.84	34.34	33.73	34.13	48684
2025-07-16	34.45	35.29	34.21	35.2	18250
2025-07-17	35.07	35.38	34.42	34.76	19581
2025-07-18	34.49	34.81	33.68	33.85	82847
2025-07-21	33.71	33.73	33.16	33.39	26620
2025-07-22	33.06	33.15	32.28	32.29	70918
2025-07-23	32.35	32.56	32.24	32.48	154123
2025-07-24	32.6	33.11	32.3	32.87	134350
2025-07-25	33.01	33.63	32.93	33.34	19217
2025-07-28	33.65	34.6	33.39	34.36	11895
2025-07-29	34.25	34.59	33.68	34.0	121638
2025-07-30	33.95	34.14	33.52	33.84	57749
2025-07-31	33.8	33.81	33.69	33.7	103982
2025-08-01	33.6	33.7	33.1	33.38	194435
2025-08-04	33.25	33.26	32.93	32.95	155854
2025-08-05	33.02	33.47	32.79	33.18	148895
2025-08-06	33.01	33.19	32.59	32.61	154307
2025-08-07	32.56	32.7	32.39	32.43	90400
2025-08-08	32.28	32.57	31.63	31.94	76703
2025-08-11	31.99	32.14	31.92	32.12	119780
2025-08-12	32.26	32.67	32.02	32.6	178225
2025-08-13	32.65	33.09	32.65	32.77	145366
2025-08-14	32.59	32.85	32.13	32.15	29709
2025-08-15	32.17	32.32	31.96	32.21	52627
2025-08-18	32.25	32.43	32.05	32.34	98346
2025-08-19	32.38	32.56	32.2	32.48	101511
2025-08-20	32.52	32.85	32.4	32.61	183444
2025-08-21	32.65	33.06	32.4	32.75	62073
2025-08-22	32.98	33.73	32.81	33.51	57169
2025-08-25	33.45	33.47	33.02	33.32	142572
2025-08-26	33.15	33.36	32.67	32.76	44693
2025-08-27	33.02	33.71	32.78	33.63	46100
2025-08-28	33.94	34.8	33.66	34.67	32682
2025-08-29	34.91	35.69	34.75	35.46	27276
2025-09-01	35.42	35.6	35.33	35.34	59203
2025-09-02	35.12	35.15	34.49	34.59	123900
2025-09-03	34.78	35.4	34.48	35.23	80009
2025-09-04	35.33	35.64	35.18	35.57	15190
2025-09-05	35.6	35.77	35.41	35.66	72821
2025-09-08	35.88	36.7	35.55	36.38	181952
2025-09-09	36.41	36.8	36.19	36.5	152664
2025-09-10	36.33	36.49	35.79	35.94	147199
2025-09-11	36.19	37.06	36.17	36.79	26295
2025-09-12	36.59	36.84	35.8	36.11	187905
2025-09-15	36.28	36.83	36.07	36.66	115819
2025-09-16	36.56	36.7	36.06	36.33	185308
2025-09-17	36.32	36.37	36.28	36.29	160919
2025-09-18	36.35	36.59	36.15	36.5	70818
2025-09-19	36.48	36.62	36.2	36.42	75530
2025-09-22	36.26	36.55	35.68	35.9	29239
2025-09-23	35.66	35.86	34.99	35.1	56580
2025-09-24	35.17	35.51	35.01	35.35	193347
2025-09-25	35.51	36.05	35.21	35.88	47479
2025-09-26	36.23	37.16	36.01	37.06	66235
2025-09-29	37.2	37.55	37.13	37.53	154365
2025-09-30	37.47	37.52	37.1	37.34	33645
2025-10-01	37.67	38.69	37.65	38.45	27317
2025-10-02	38.7	39.63	38.48	39.29	13181
2025-10-03	39.35	39.78	39.33	39.5	144337
2025-10-06	39.49	39.76	39.13	39.47	73900
2025-10-07	39.6	40.21	39.36	39.92	73197
2025-10-08	40.09	40.69	39.99	40.48	68528
2025-10-09	40.57	40.93	40.24	40.78	86114
2025-10-10	40.54	40.6	39.86	39.99	158692
2025-10-13	39.7	39.83	38.87	39.03	132135
2025-10-14	38.56	38.8	37.41	37.47	13699
2025-10-15	37.55	38.09	37.21	37.74	9979
2025-10-16	37.5	37.69	36.65	36.94	104095
2025-10-17	36.75	36.96	36.18	36.3	46899
2025-10-20	36.32	36.62	36.18	36.36	199575
2025-10-21	36.32	36.35	36.2	36.23	187425
2025-10-22	36.26	36.54	36.06	36.33	86525
2025-10-23	36.52	37.23	36.21	36.96	107912
2025-10-24	37.14	37.75	36.98	37.55	57490
2025-10-27	37.61	38.07	37.5	37.75	52585
2025-10-28	37.76	37.93	37.59	37.79	150896
2025-10-29	38.08	38.79	37.99	38.75	147895
2025-10-30	38.87	39.28	38.67	39.14	183353
2025-10-31	39.02	39.27	38.52	38.75	92548
2025-11-03	38.55	38.87	38.03	38.08	109835
2025-11-04	38.19	38.73	38.03	38.43	119027
2025-11-05	38.51	38.82	38.39	38.71	20893
2025-11-06	38.81	39.21	38.43	39.05	117322
2025-11-07	38.84	39.19	38.02	38.36	8024
2025-11-10	38.14	38.19	37.52	37.62	113142
2025-11-11	37.87	38.5	37.86	38.45	89126
2025-11-12	38.33	38.59	37.66	38.04	30813
2025-11-13	38.29	39.24	38.15	38.89	83451
2025-11-14	38.6	38.81	37.64	37.91	28210
2025-11-17	38.2	39.1	37.96	38.87	198856
2025-11-18	38.64	38.66	37.83	38.11	74216
2025-11-19	37.94	38.11	37.24	37.55	61411
2025-11-20	37.6	37.91	37.55	37.73	40772
2025-11-21	37.77	38.2	37.74	37.85	179641
2025-11-24	37.47	37.69	36.44	36.58	131633
2025-11-25	36.45	36.64	35.94	36.15	189229
2025-11-26	36.27	36.59	36.16	36.55	71517
2025-11-27	36.23	36.44	35.17	35.47	88204
2025-11-28	35.34	35.45	34.91	35.02	39791
2025-12-01	35.2	35.87	34.85	35.61	46082
2025-12-02	35.84	36.56	35.63	36.37	125018
2025-12-03	36.48	36.77	36.38	36.73	90588
2025-12-04	36.81	37.32	36.7	36.99	183950
2025-12-05	37.27	38.26	37.02	37.91	32495
2025-12-08	37.89	37.97	37.52	37.84	152198
2025-12-09	38.2	39.41	37.99	39.04	160803
2025-12-10	39.1	39.25	38.77	39.25	10026
2025-12-11	39.37	39.88	39.08	39.65	106574
2025-12-12	40.05	41.34	39.93	41.0	26374
2025-12-15	40.9	41.08	40.49	40.67	56296
2025-12-16	40.33	40.68	39.14	39.53	147668
2025-12-17	39.65	39.96	39.34	39.93	146835
2025-12-18	40.04	40.42	39.84	40.29	58841
2025-12-19	40.14	40.45	39.51	39.79	66387
2025-12-22	39.63	40.0	39.09	39.26	186811
2025-12-23	39.3	39.72	39.04	39.39	176126
2025-12-24	39.24	39.25	38.63	38.88	6554
2025-12-25	38.99	39.61	38.73	39.24	56730
2025-12-26	39.37	39.72	39.05	39.66	148044
2025-12-29	39.63	39.98	39.19	39.57	172145
2025-12-30	39.68	40.25	39.68	39.95	18115
2025-12-31	39.83	39.9	39.39	39.56	56299
2026-01-01	39.51	39.66	39.18	39.41	129354
2026-01-02	39.15	39.22	38.42	38.54	50219
2026-01-05	38.56	38.73	38.37	38.62	160365
2026-01-06	38.49	38.68	38.15	38.19	26911
2026-01-07	38.29	38.86	38.0	38.52	61017
2026-01-08	38.67	39.28	38.63	39.02	95623
2026-01-09	38.99	39.11	38.87	38.91	140908
2026-01-12	38.82	39.01	38.31	38.62	100389
2026-01-13	38.33	38.49	37.56	37.65	61731
2026-01-14	37.29	37.58	36.44	36.46	155500
2026-01-15	36.44	36.54	36.28	36.4	81318
2026-01-16	36.24	36.57	35.78	35.88	146996
2026-01-19	35.94	36.19	35.65	36.07	65159
2026-01-20	35.89	35.95	35.4	35.47	126930
2026-01-21	35.58	36.18	35.36	35.84	69288
2026-01-22	35.81	36.07	35.46	35.75	22599
2026-01-23	35.73	35.98	35.35	35.68	154534
2026-01-26	35.46	35.64	34.81	34.94	43695
2026-01-27	34.86	34.91	34.5	34.69	172645
2026-01-28	34.73	35.13	34.61	34.81	47044
2026-01-29	35.09	36.0	34.76	35.74	12034
2026-01-30	36.12	37.04	35.98	37.0	99555
2026-02-02	37.05	37.22	36.94	37.16	49851
2026-02-03	37.18	37.31	37.13	37.21	157890
2026-02-04	37.08	37.32	36.74	36.79	149402
2026-02-05	36.78	36.81	36.48	36.75	153665
2026-02-06	36.82	37.12	36.81	36.97	166899
2026-02-09	36.89	37.16	36.42	36.71	42885
2026-02-10	36.65	36.87	36.4	36.51	68126
2026-02-11	36.47	36.57	36.32	36.39	56532
2026-02-12	36.39	36.63	36.21	36.38	61791
2026-02-13	36.73	37.77	36.55	37.56	181994
2026-02-16	37.8	38.57	37.71	38.37	8356
2026-02-17	38.2	38.34	37.58	37.79	26119
2026-02-18	37.79	37.87	37.42	37.79	82482
2026-02-19	37.81	38.05	37.57	37.84	69824
2026-02-20	38.0	38.68	37.63	38.37	23600
2026-02-23	38.54	39.11	38.44	38.92	32559
2026-02-24	39.22	40.18	39.03	39.93	145991
2026-02-25	39.81	40.12	39.42	39.52	65733
2026-02-26	39.46	39.59	39.28	39.34	67681
2026-02-27	39.17	39.17	38.51	38.78	152232
2026-03-02	38.71	39.02	38.32	38.53	66038
2026-03-03	38.44	38.71	38.03	38.23	172437
2026-03-04	38.1	38.48	37.78	37.81	25483
2026-03-05	37.76	38.05	37.57	37.63	150889
2026-03-06	37.47	37.53	36.94	37.1	194523
2026-03-09	37.27	37.72	36.97	37.66	100002
2026-03-10	37.7	38.08	37.49	37.8	82884
2026-03-11	37.75	37.86	37.27	37.62	136953
2026-03-12	37.79	38.39	37.56	38.19	77468
2026-03-13	38.13	38.33	37.92	38.0	124729
2026-03-16	37.92	38.19	37.54	37.74	53991
2026-03-17	37.35	37.7	36.18	36.44	171217
2026-03-18	36.53	36.78	36.34	36.73	166734
2026-03-19	36.9	37.35	36.88	37.29	195510
2026-03-20	37.3	37.44	37.23	37.32	140338
2026-03-23	37.17	37.19	36.66	36.83	35508
2026-03-24	36.79	36.92	36.5	36.71	49075
2026-03-25	36.45	36.55	35.54	35.83	174278
2026-03-26	35.56	35.77	34.82	34.93	126777
2026-03-27	34.83	35.02	34.37	34.6	20107
2026-03-30	34.67	34.87	34.42	34.82	59597
2026-03-31	34.81	35.09	34.6	34.8	154380
2026-04-01	34.87	35.16	34.6	35.04	120473
2026-04-02	34.99	35.29	34.64	34.87	97314
2026-04-03	35.15	35.86	34.87	35.8	197872
2026-04-06	36.04	36.66	35.98	36.61	175549
2026-04-07	36.77	37.26	36.44	37.14	15176
2026-04-08	36.96	37.21	36.42	36.54	102573
2026-04-09	36.53	36.57	36.29	36.49	78575
2026-04-10	36.35	36.46	35.83	36.02	108483
2026-04-13	36.14	36.74	35.84	36.42	191295
2026-04-14	36.71	37.66	36.4	37.39	114294
2026-04-15	37.28	37.46	36.74	37.03	138646
2026-04-16	36.86	36.99	36.46	36.47	76308
2026-04-17	36.41	36.58	36.02	36.26	147055
2026-04-20	36.31	36.77	35.97	36.41	79579
2026-04-21	36.61	37.16	36.34	37.09	7081
2026-04-22	36.9	36.9	36.34	36.45	23351
2026-04-23	36.52	36.82	36.43	36.68	184704
2026-04-24	36.64	36.74	36.38	36.56	13563
2026-04-27	36.53	36.78	36.38	36.47	126927
2026-04-28	36.77	37.79	36.43	37.47	199460
2026-04-29	37.41	37.65	37.09	37.27	97322
2026-04-30	37.47	38.23	37.46	37.92	10623
2026-05-01	37.72	38.06	37.18	37.24	148558