Date	Open	High	Low	Close	Volume
2022-11-21	6.64	6.82	6.38	6.73	175128
2022-11-22	6.76	6.93	6.57	6.84	248280
2022-11-23	6.87	6.96	6.66	6.92	75279
2022-11-24	6.97	7.20	6.64	7.07	201723
2022-11-25	7.10	7.18	6.92	7.15	292566
2022-11-28	7.13	7.30	7.06	7.07	72607
2022-11-29	7.07	7.10	6.93	7.06	106506
2022-11-30	7.04	7.12	6.93	7.01	31618
2022-12-01	7.07	7.32	6.81	7.19	265109
2022-12-02	7.21	7.34	6.99	7.25	277009
2022-12-05	7.28	7.39	7.07	7.35	245346
2022-12-06	7.38	7.49	7.13	7.45	122108
2022-12-07	7.39	7.72	7.17	7.27	288168
2022-12-08	7.30	7.41	7.12	7.37	111239
2022-12-09	7.36	7.46	7.28	7.35	210066
2022-12-12	7.35	7.38	7.24	7.35	208741
2022-12-13	7.37	7.49	7.23	7.41	23924
2022-12-14	7.42	7.57	7.27	7.46	289363
2022-12-15	7.40	7.71	7.22	7.25	247165
2022-12-16	7.25	7.28	7.10	7.26	120192
2022-12-19	7.26	7.36	7.13	7.26	290062
2022-12-20	7.24	7.49	7.12	7.17	252832
2022-12-21	7.20	7.35	7.06	7.25	136111
2022-12-22	7.28	7.42	7.01	7.36	113817
2022-12-23	7.37	7.43	7.16	7.41	195244
2022-12-26	7.47	7.75	7.10	7.60	297296
2022-12-27	7.63	7.83	7.43	7.70	295103
2022-12-28	7.75	8.00	7.42	7.88	251017
2022-12-29	7.91	8.05	7.72	7.97	215138
2022-12-30	7.96	8.02	7.87	7.93	114233
2023-01-02	7.94	8.03	7.73	7.98	254754
2023-01-03	8.00	8.10	7.86	8.06	16332
2023-01-04	8.01	8.25	7.82	7.89	31514
2023-01-05	7.91	8.09	7.75	7.94	83023
2023-01-06	8.00	8.25	7.75	8.12	151900
2023-01-09	8.17	8.31	7.89	8.29	155675
2023-01-10	8.28	8.37	8.20	8.27	255039
2023-01-11	8.31	8.45	8.13	8.40	193415
2023-01-12	8.46	8.63	8.17	8.61	250273
2023-01-13	8.67	8.84	8.39	8.80	23332
2023-01-16	8.82	8.88	8.68	8.85	230857
2023-01-17	8.86	9.02	8.79	8.89	151681
2023-01-18	8.90	8.96	8.81	8.92	94841
2023-01-19	8.93	9.09	8.70	8.97	238776
2023-01-20	9.01	9.16	8.69	9.11	90854
2023-01-23	9.13	9.34	8.91	9.17	296623
2023-01-24	9.21	9.46	8.98	9.30	251509
2023-01-25	9.30	9.41	9.19	9.31	90653
2023-01-26	9.34	9.43	9.07	9.40	248361
2023-01-27	9.32	9.83	9.11	9.14	130411
2023-01-30	9.08	9.38	8.78	8.93	237684
2023-01-31	8.87	9.26	8.69	8.73	196095
2023-02-01	8.77	8.89	8.57	8.86	158717
2023-02-02	8.94	9.18	8.47	9.11	159989
2023-02-03	9.13	9.31	9.04	9.17	252470
2023-02-06	9.19	9.34	9.10	9.23	29109
2023-02-07	9.28	9.52	8.92	9.42	40242
2023-02-08	9.42	9.49	9.29	9.44	123984
2023-02-09	9.47	9.69	9.14	9.55	132918
2023-02-10	9.58	9.70	9.42	9.66	192530
2023-02-13	9.57	9.98	9.23	9.38	96629
2023-02-14	9.31	9.70	8.99	9.14	215460
2023-02-15	9.20	9.52	8.91	9.35	151524
2023-02-16	9.42	9.79	8.94	9.61	239910
2023-02-17	9.56	9.85	9.30	9.45	42371
2023-02-20	9.46	9.64	9.37	9.47	101596
2023-02-21	9.52	9.78	9.21	9.64	171296
2023-02-22	9.65	9.85	9.50	9.68	201311
2023-02-23	9.72	9.86	9.48	9.81	189855
2023-02-24	9.82	10.03	9.76	9.84	21810
2023-02-27	9.82	9.99	9.69	9.78	29626
2023-02-28	9.87	10.09	9.44	10.07	68189
2023-03-01	10.08	10.28	9.99	10.10	133049
2023-03-02	10.03	10.47	9.70	9.85	234301
2023-03-03	9.88	10.02	9.66	9.94	273184
2023-03-06	10.00	10.31	9.56	10.13	58959
2023-03-07	10.15	10.31	9.91	10.20	33051
2023-03-08	10.28	10.58	9.93	10.46	213917
2023-03-09	10.52	10.75	10.13	10.65	167517
2023-03-10	10.65	10.74	10.60	10.63	205496
2023-03-13	10.73	11.10	10.24	10.95	220133
2023-03-14	11.02	11.40	10.57	11.21	298105
2023-03-15	11.23	11.50	11.10	11.30	193232
2023-03-16	11.24	11.68	10.99	11.10	262627
2023-03-17	11.19	11.49	10.74	11.39	114261
2023-03-20	11.38	11.50	11.23	11.34	67105
2023-03-21	11.38	11.63	11.13	11.48	87587
2023-03-22	11.53	11.83	11.09	11.65	251577
2023-03-23	11.75	12.01	11.30	11.98	72111
2023-03-24	12.03	12.32	11.78	12.15	118033
2023-03-27	12.21	12.50	11.88	12.35	11560
2023-03-28	12.26	12.86	11.91	12.05	19644
2023-03-29	12.13	12.47	11.67	12.31	60075
2023-03-30	12.26	12.56	12.05	12.13	18241
2023-03-31	12.15	12.37	11.86	12.21	92078
2023-04-03	12.28	12.51	11.92	12.45	231335
2023-04-04	12.46	12.64	12.27	12.47	22484
2023-04-05	12.37	13.07	12.10	12.12	237298
2023-04-06	12.22	12.56	11.74	12.45	123198
2023-04-07	12.36	12.87	12.12	12.14	208330
2023-04-10	12.20	12.37	11.72	12.35	122525
2023-04-11	12.44	12.90	11.89	12.65	216635
2023-04-12	12.74	12.96	12.31	12.93	184973
2023-04-13	12.98	13.34	12.54	13.09	77559
2023-04-14	13.15	13.38	12.79	13.30	278238
2023-04-17	13.32	13.51	13.15	13.36	21397
2023-04-18	13.42	13.67	13.06	13.55	253095
2023-04-19	13.62	14.04	13.23	13.77	57267
2023-04-20	13.79	14.08	13.54	13.84	236363
2023-04-21	13.90	14.07	13.50	14.04	93548
2023-04-24	14.02	14.14	13.71	13.98	67497
2023-04-25	14.09	14.43	13.59	14.33	177289
2023-04-26	14.34	14.54	14.14	14.36	262958
2023-04-27	14.44	14.68	13.91	14.62	113942
2023-04-28	14.71	15.07	14.13	14.90	20452
2023-05-01	14.83	15.32	14.47	14.67	231698
2023-05-02	14.77	15.30	14.27	15.01	53082
2023-05-03	15.03	15.20	14.82	15.07	42801
2023-05-04	15.13	15.53	14.82	15.29	32703
2023-05-05	15.29	15.51	15.14	15.29	182419
2023-05-08	15.31	15.52	14.99	15.35	170543
2023-05-09	15.46	15.78	14.82	15.71	193209
2023-05-10	15.82	16.34	15.21	16.07	54855
2023-05-11	16.03	16.34	15.92	15.94	234733
2023-05-12	15.99	16.40	15.52	16.10	134051
2023-05-15	16.14	16.56	15.82	16.25	249194
2023-05-16	16.32	16.56	15.79	16.50	294705
2023-05-17	16.63	17.15	16.00	16.93	218250
2023-05-18	16.96	17.11	16.64	17.03	280558
2023-05-19	17.04	17.37	16.86	17.06	113290
2023-05-22	16.95	17.67	16.59	16.69	119220
2023-05-23	16.57	17.39	16.08	16.31	65332
2023-05-24	16.35	16.73	15.86	16.44	294026
2023-05-25	16.35	16.95	15.99	16.15	51046
2023-05-26	16.04	16.61	15.55	15.78	74538
2023-05-29	15.90	16.31	15.19	16.18	18455
2023-05-30	16.18	16.50	16.10	16.18	253278
2023-05-31	16.32	16.74	15.48	16.63	219883
2023-06-01	16.67	16.98	16.31	16.76	131318
2023-06-02	16.87	17.14	16.09	17.11	224191
2023-06-05	17.25	17.69	16.47	17.58	26932
2023-06-06	17.60	17.99	17.33	17.67	256816
2023-06-07	17.74	18.00	17.25	17.89	81772
2023-06-08	17.94	18.13	17.65	18.05	26755
2023-06-09	17.93	18.46	17.43	17.65	79246
2023-06-12	17.53	18.22	17.08	17.25	158953
2023-06-13	17.24	17.54	17.12	17.21	160459
2023-06-14	17.24	17.46	17.03	17.30	39329
2023-06-15	17.45	18.03	16.75	17.81	104630
2023-06-16	17.86	18.32	17.43	17.99	19161
2023-06-19	18.06	18.52	17.59	18.23	100418
2023-06-20	18.39	19.09	17.57	18.78	264287
2023-06-21	18.93	19.42	18.17	19.30	149680
2023-06-22	19.27	19.62	19.14	19.19	242542
2023-06-23	19.29	19.55	18.83	19.51	12921
2023-06-26	19.36	20.12	18.93	19.01	266950
2023-06-27	19.07	19.27	18.50	19.21	203263
2023-06-28	19.25	19.55	18.94	19.34	80291
2023-06-29	19.39	19.70	19.15	19.49	245391
2023-06-30	19.66	20.46	18.78	20.07	294070
2023-07-03	20.23	21.01	19.36	20.62	51752
2023-07-04	20.62	20.68	20.38	20.62	18817
2023-07-05	20.57	20.94	20.08	20.45	83403
2023-07-06	20.47	20.69	20.27	20.49	217940
2023-07-07	20.52	20.60	20.20	20.57	169622
2023-07-10	20.69	21.26	19.79	20.98	205941
2023-07-11	20.83	21.66	20.27	20.48	255108
2023-07-12	20.62	21.00	19.73	20.94	78583
2023-07-13	21.09	21.77	20.21	21.44	187663
2023-07-14	21.26	22.08	20.70	20.84	178955
2023-07-17	20.86	20.94	20.53	20.90	78531
2023-07-18	21.06	21.63	20.06	21.42	243363
2023-07-19	21.60	22.12	20.68	22.03	82525
2023-07-20	22.19	22.91	21.28	22.58	281343
2023-07-21	22.71	23.14	21.85	23.00	86306
2023-07-24	23.03	23.19	22.85	23.08	59796
2023-07-25	22.87	23.98	22.14	22.40	285697
2023-07-26	22.56	23.24	21.45	22.92	67224
2023-07-27	23.05	23.47	22.25	23.36	280380
2023-07-28	23.41	23.82	22.98	23.53	224494
2023-07-31	23.61	23.92	22.90	23.81	273190
2023-08-01	23.80	23.93	23.52	23.78	41976
2023-08-02	23.96	24.45	22.89	24.39	178265
2023-08-03	24.49	25.10	23.58	24.73	127433
2023-08-04	24.90	25.35	23.92	25.29	21849
2023-08-07	25.34	25.87	25.09	25.46	105964
2023-08-08	25.60	26.29	24.53	25.92	163509
2023-08-09	26.10	26.67	24.90	26.50	29105
2023-08-10	26.57	27.06	26.16	26.71	170262
2023-08-11	26.85	27.22	25.90	27.16	241439
2023-08-14	27.37	28.33	26.16	27.85	277645
2023-08-15	27.98	28.76	27.12	28.29	118447
2023-08-16	28.40	28.84	27.62	28.68	45993
2023-08-17	28.72	29.37	28.45	28.81	246116
2023-08-18	28.85	29.14	28.62	28.93	31171
2023-08-21	28.94	29.07	28.43	28.97	69891
2023-08-22	29.05	29.62	28.39	29.24	282726
2023-08-23	29.02	30.36	28.29	28.51	92972
2023-08-24	28.37	29.52	27.51	28.05	42163
2023-08-25	28.29	29.35	26.90	28.85	234088
2023-08-28	29.10	30.27	27.64	29.70	92815
2023-08-29	29.73	30.12	29.11	29.81	221982
2023-08-30	29.98	30.61	28.66	30.38	203723
2023-08-31	30.42	31.03	29.68	30.50	113122
2023-09-01	30.61	31.07	29.74	30.86	42435
2023-09-04	31.12	32.27	29.41	31.73	205318
2023-09-05	31.88	32.76	30.98	32.25	55923
2023-09-06	32.34	33.04	31.67	32.55	247603
2023-09-07	32.64	33.26	31.62	32.86	208917
2023-09-08	32.94	33.49	32.09	33.13	175168
2023-09-11	33.33	34.39	32.25	33.80	208915
2023-09-12	33.97	34.46	32.60	34.37	272682
2023-09-13	34.37	34.94	34.32	34.38	256949
2023-09-14	34.37	34.64	33.85	34.36	248878
2023-09-15	34.63	35.69	32.90	35.27	240397
2023-09-18	35.37	36.20	34.58	35.61	155023
2023-09-19	35.58	36.23	35.41	35.52	195689
2023-09-20	35.45	36.12	35.23	35.27	205071
2023-09-21	35.10	36.11	34.09	34.71	161501
2023-09-22	34.80	35.10	34.09	34.99	117134
2023-09-25	35.16	35.68	34.13	35.56	57860
2023-09-26	35.69	36.25	34.86	35.99	127566
2023-09-27	36.01	36.37	35.56	36.07	230306
2023-09-28	36.26	37.00	34.91	36.72	39950
2023-09-29	36.85	37.22	35.98	37.17	177367
2023-10-02	37.21	37.91	36.72	37.28	127829
2023-10-03	37.60	38.73	35.86	38.35	237081
2023-10-04	38.54	39.32	37.40	38.99	175449
2023-10-05	39.24	40.25	37.41	39.82	179689
2023-10-06	40.17	41.46	38.04	40.99	172976
2023-10-09	40.63	42.71	38.99	39.78	65520
2023-10-10	40.05	41.42	38.22	40.69	119611
2023-10-11	40.83	41.27	39.53	41.15	71317
2023-10-12	40.96	41.95	40.27	40.52	128971
2023-10-13	40.81	42.22	38.83	41.49	242324
2023-10-16	41.61	42.02	40.77	41.88	9274
2023-10-17	42.12	43.33	40.76	42.67	195962
2023-10-18	42.36	43.75	41.03	41.64	61445
2023-10-19	41.95	43.01	39.83	42.67	36700
2023-10-20	42.85	44.07	41.37	43.27	47808
2023-10-23	43.62	44.50	41.80	44.44	277677
2023-10-24	44.29	45.52	43.38	43.93	208631
2023-10-25	44.21	45.72	42.77	44.87	154713
2023-10-26	44.62	45.78	43.59	44.03	119241
2023-10-27	44.35	45.55	42.56	45.11	273467
2023-10-30	45.42	47.01	43.47	46.13	93982
2023-10-31	45.77	47.61	44.89	44.95	183762
2023-11-01	44.78	46.11	43.78	44.37	44500
2023-11-02	44.40	44.95	43.98	44.46	237953
2023-11-03	44.56	45.44	43.63	44.80	71624
2023-11-06	45.10	46.22	43.17	45.79	11967
2023-11-07	45.94	47.08	44.73	46.27	197592
2023-11-08	46.37	47.37	45.88	46.60	248146
2023-11-09	46.60	47.14	45.65	46.58	175525
2023-11-10	46.36	47.42	45.51	45.85	6539
2023-11-13	46.08	47.51	44.62	46.63	109849
2023-11-14	46.69	47.04	45.93	46.81	137641
2023-11-15	46.57	47.99	45.40	46.00	286838
2023-11-16	45.95	46.38	45.36	45.82	65166
2023-11-17	45.89	46.31	45.50	46.06	15232
2023-11-20	46.43	48.16	44.44	47.29	159677
2023-11-21	47.39	47.97	46.17	47.63	66113
2023-11-22	47.99	49.12	45.52	48.84	195057
2023-11-23	49.22	50.90	47.09	50.11	132208
2023-11-24	49.92	51.64	49.22	49.50	262044
2023-11-27	49.89	51.35	47.77	50.79	186776
2023-11-28	51.09	52.67	49.68	51.79	152833
2023-11-29	51.86	52.54	51.39	52.03	57447
2023-11-30	52.29	53.03	50.47	52.88	79900
2023-12-01	53.23	54.99	50.70	54.05	235260
2023-12-04	54.16	54.49	52.74	54.43	255919
2023-12-05	54.64	56.10	53.08	55.15	131941
2023-12-06	55.26	55.85	54.39	55.52	21582
2023-12-07	56.00	57.81	53.22	57.11	117847
2023-12-08	57.17	57.47	56.63	57.30	110233
2023-12-11	57.06	58.89	55.61	56.51	190284
2023-12-12	56.93	59.04	54.76	57.90	251367
2023-12-13	58.02	58.93	56.69	58.30	264375
2023-12-14	58.44	59.06	56.75	58.75	246793
2023-12-15	58.92	60.48	57.94	59.31	194714
2023-12-18	59.64	60.80	57.20	60.41	208841
2023-12-19	60.14	62.21	58.63	59.51	83047
2023-12-20	59.88	61.89	57.73	60.75	295606
2023-12-21	60.81	61.07	60.23	60.97	87090
2023-12-22	61.29	62.64	59.83	62.03	62466
2023-12-25	62.07	63.10	60.81	62.18	82836
2023-12-26	62.39	63.84	60.68	62.87	247192
2023-12-27	62.81	64.21	61.92	62.68	206649
2023-12-28	62.89	64.61	61.55	63.39	43520
2023-12-29	62.99	65.20	60.93	62.05	44636
2024-01-01	62.30	63.73	60.07	62.88	15703
2024-01-02	63.15	65.00	61.09	63.80	74052
2024-01-03	63.66	64.84	62.98	63.33	8372
2024-01-04	63.74	64.81	61.08	64.70	131808
2024-01-05	64.90	65.87	63.11	65.36	226758
2024-01-08	65.21	66.64	64.30	64.87	204105
2024-01-09	65.21	66.73	62.60	66.01	143369
2024-01-10	65.94	66.45	64.63	65.79	55717
2024-01-11	66.19	67.32	63.57	67.13	254706
2024-01-12	67.58	68.83	64.86	68.61	160645
2024-01-15	68.55	69.93	68.05	68.40	126746
2024-01-16	68.89	70.92	65.79	70.02	299741
2024-01-17	70.27	71.71	68.80	70.87	177112
2024-01-18	71.07	72.15	69.57	71.55	293524
2024-01-19	71.87	74.05	70.17	72.63	9719
2024-01-22	72.89	74.51	71.00	73.50	91013
2024-01-23	73.35	74.55	71.72	73.01	55748
2024-01-24	72.65	74.70	71.44	71.82	53284
2024-01-25	72.22	74.50	69.15	73.15	77720
2024-01-26	73.55	74.79	71.01	74.46	285148
2024-01-29	74.71	75.37	73.50	75.28	237032
2024-01-30	74.94	77.80	72.80	74.14	138266
2024-01-31	74.02	75.20	72.54	73.73	231825
2024-02-01	74.21	76.72	71.34	75.31	144748
2024-02-02	75.34	76.00	73.92	75.39	82310
2024-02-05	74.99	77.15	73.67	74.04	169373
2024-02-06	74.55	77.15	71.37	75.74	93307
2024-02-07	76.06	77.85	74.41	76.80	48297
2024-02-08	77.45	79.54	73.57	78.98	77750
2024-02-09	79.22	81.07	76.81	79.79	148110
2024-02-12	80.12	82.41	78.12	80.88	214110
2024-02-13	80.90	81.45	79.57	80.93	147636
2024-02-14	81.32	82.80	79.23	82.24	190700
2024-02-15	82.26	82.82	80.66	82.29	102994
2024-02-16	82.65	84.21	80.61	83.50	138465
2024-02-19	82.93	85.61	81.42	81.60	292430
2024-02-20	82.14	83.99	78.52	83.41	296830
2024-02-21	82.85	86.10	79.93	81.55	139408
2024-02-22	81.73	82.53	80.39	82.15	195603
2024-02-23	82.53	85.04	79.33	83.42	234921
2024-02-26	83.47	83.83	82.48	83.57	201584
2024-02-27	84.16	87.09	80.57	85.53	271422
2024-02-28	84.85	88.75	82.63	83.25	95793
2024-02-29	83.82	85.41	80.94	85.14	242299
2024-03-01	85.03	86.01	83.52	84.77	168628
2024-03-04	84.38	86.67	82.00	83.46	149818
2024-03-05	83.12	85.61	81.38	82.33	213688
2024-03-06	82.58	83.85	79.93	83.16	140032
2024-03-07	83.63	85.09	80.80	84.72	69942
2024-03-08	84.73	85.69	83.46	84.77	27455
2024-03-11	85.53	87.46	81.65	87.29	93211
2024-03-12	88.03	90.76	83.74	89.75	271673
2024-03-13	89.60	91.65	88.26	89.27	178845
2024-03-14	89.83	91.43	85.87	91.15	233932
2024-03-15	91.45	93.31	89.62	92.15	90083
2024-03-18	92.70	94.79	90.21	93.96	257155
2024-03-19	94.34	97.12	92.20	95.23	78744
2024-03-20	95.53	96.48	93.83	96.23	166422
2024-03-21	96.83	99.57	93.87	98.25	113514
2024-03-22	98.40	100.25	95.91	98.74	299045
2024-03-25	98.87	100.48	97.14	99.19	257616
2024-03-26	99.92	103.15	94.88	101.62	133613
2024-03-27	102.22	104.26	98.09	103.60	149079
2024-03-28	103.66	105.86	102.19	103.80	210406
2024-03-29	103.54	106.03	101.80	102.93	25913
2024-04-01	102.94	103.08	101.55	102.96	52216
2024-04-02	102.98	103.85	101.59	103.01	257207
2024-04-03	103.28	105.59	100.34	103.93	12033
2024-04-04	103.30	107.19	101.26	101.82	25880
2024-04-05	101.15	104.22	98.79	99.56	162316
2024-04-08	100.12	101.55	96.30	101.43	213428
2024-04-09	101.53	103.13	100.20	101.76	21276
2024-04-10	102.59	105.33	97.27	104.51	13183
2024-04-11	104.93	106.91	101.25	105.92	181962
2024-04-12	106.45	107.97	103.37	107.68	223556
2024-04-15	107.79	108.49	106.59	108.04	271082
2024-04-16	108.29	109.39	107.05	108.86	243113
2024-04-17	109.04	111.01	108.07	109.48	15976
2024-04-18	109.53	111.29	109.05	109.66	253607
2024-04-19	109.45	110.84	107.54	108.94	169060
2024-04-22	109.64	112.73	104.90	111.28	148177
2024-04-23	110.39	115.82	107.88	108.33	252399
2024-04-24	107.81	111.95	106.08	106.61	217181
2024-04-25	107.14	110.54	103.26	108.40	96324
2024-04-26	109.17	113.07	104.13	110.95	266701
2024-04-29	111.93	115.36	106.32	114.22	16407
2024-04-30	113.75	115.95	112.26	112.67	260225
2024-05-01	112.70	114.40	112.05	112.78	271904
2024-05-02	113.19	116.13	110.78	114.14	52315
2024-05-03	115.04	118.10	109.86	117.15	73071
2024-05-06	118.06	122.53	113.03	120.17	190581
2024-05-07	120.97	123.65	116.00	122.84	20645
2024-05-08	122.39	125.69	119.07	121.34	211702
2024-05-09	120.27	126.06	117.33	117.78	288972
2024-05-10	117.90	119.90	115.18	118.19	199577
2024-05-13	118.81	122.13	115.49	120.25	250754
2024-05-14	120.53	123.53	117.34	121.18	83489
2024-05-15	121.46	124.14	119.46	122.10	207601
2024-05-16	121.86	123.61	119.45	121.31	231738
2024-05-17	121.64	124.32	119.83	122.39	276380
2024-05-20	121.49	126.29	118.73	119.39	168497
2024-05-21	119.75	121.86	117.64	120.59	196561
2024-05-22	121.08	122.59	117.70	122.21	198113
2024-05-23	123.11	125.58	117.80	125.21	65655
2024-05-24	126.31	130.93	120.48	128.87	112864
2024-05-27	129.94	134.43	123.34	132.45	114616
2024-05-28	132.85	135.51	129.50	133.77	40594
2024-05-29	134.71	137.11	128.80	136.91	152256
2024-05-30	137.60	141.83	134.25	139.20	162357
2024-05-31	139.95	143.27	134.77	141.68	191105
2024-06-03	142.07	145.52	139.19	142.98	211586
2024-06-04	143.36	146.71	141.37	144.25	160550
2024-06-05	144.36	145.55	141.20	144.62	239166
2024-06-06	145.49	149.28	139.56	147.52	226584
2024-06-07	147.90	151.64	143.89	148.78	19942
2024-06-10	149.56	152.99	143.82	151.36	50370
2024-06-11	151.88	155.81	148.27	153.10	57595
2024-06-12	153.42	156.35	151.75	154.19	165611
2024-06-13	155.43	159.69	148.70	158.33	24657
2024-06-14	158.67	161.58	156.42	159.47	264966
2024-06-17	160.76	165.05	152.48	163.77	249923
2024-06-18	163.54	167.35	161.12	163.03	63174
2024-06-19	163.21	166.20	161.49	163.64	134403
2024-06-20	164.19	166.95	160.90	165.48	119544
2024-06-21	166.08	170.34	160.46	167.49	14783
2024-06-24	168.70	172.16	163.05	171.53	74710
2024-06-25	172.33	175.18	165.77	174.18	231422
2024-06-26	174.09	175.67	172.71	173.86	7805
2024-06-27	175.35	182.12	165.88	178.82	296116
2024-06-28	179.00	179.88	176.36	179.42	222042
2024-07-01	178.82	183.62	175.28	177.44	66615
2024-07-02	178.81	184.55	171.44	182.00	224089
2024-07-03	182.71	186.95	178.34	184.36	282887
2024-07-04	184.86	187.11	181.53	186.03	275339
2024-07-05	186.40	188.65	183.27	187.26	290896
2024-07-08	187.73	190.16	183.57	188.84	198053
2024-07-09	189.84	195.58	182.13	192.19	216907
2024-07-10	193.60	197.85	186.83	196.88	274705
2024-07-11	197.75	201.57	190.40	199.77	165431
2024-07-12	200.67	203.28	195.13	202.77	34800
2024-07-15	201.15	210.04	197.00	197.38	211531
2024-07-16	196.67	201.34	192.61	195.01	208185
2024-07-17	195.93	198.88	190.71	198.10	293458
2024-07-18	198.55	200.02	195.86	199.61	48881
2024-07-19	200.13	204.30	195.12	201.32	113977
2024-07-22	201.34	205.30	200.46	201.41	124502
2024-07-23	202.27	207.13	196.96	204.29	82170
2024-07-24	205.77	211.69	197.91	209.24	241546
2024-07-25	210.09	214.48	205.38	212.08	261335
2024-07-26	213.98	222.09	202.43	218.40	127472
2024-07-29	218.18	220.48	216.63	217.68	167784
2024-07-30	218.29	220.46	212.07	219.72	258787
2024-07-31	220.06	224.88	216.01	220.87	65873
2024-08-01	219.31	229.34	213.12	215.68	169834
2024-08-02	214.89	221.86	209.87	213.04	80113
2024-08-05	212.97	217.30	209.30	212.82	136689
2024-08-06	213.66	217.67	207.66	215.64	292146
2024-08-07	215.72	217.27	214.15	215.92	281988
2024-08-08	217.11	224.07	209.74	219.91	140806
2024-08-09	221.70	228.82	209.89	225.88	242361
2024-08-12	227.23	234.13	219.05	230.39	272871
2024-08-13	232.04	238.66	221.41	235.89	99216
2024-08-14	234.42	244.39	227.70	231.00	223136
2024-08-15	231.81	237.90	226.93	233.70	281347
2024-08-16	232.65	240.70	225.85	230.19	50338
2024-08-19	232.14	238.70	221.80	236.71	259689
2024-08-20	238.11	243.77	228.63	241.38	43898
2024-08-21	241.72	244.80	237.38	242.53	10472
2024-08-22	243.39	246.77	236.84	245.42	246137
2024-08-23	246.06	251.09	241.26	247.54	268935
2024-08-26	246.09	256.74	239.02	242.70	196335
2024-08-27	243.17	245.06	239.17	244.26	175896
2024-08-28	245.91	252.40	235.30	249.74	75964
2024-08-29	250.70	253.89	242.86	252.94	297831
2024-08-30	253.37	258.52	251.18	254.37	72442
2024-09-02	256.54	265.26	243.00	261.60	174340
2024-09-03	262.66	269.24	256.86	265.13	158809
2024-09-04	266.10	272.72	258.44	268.37	200912
2024-09-05	268.22	273.09	264.39	267.87	263819
2024-09-06	265.78	275.59	259.62	260.92	48389
2024-09-09	263.06	268.64	250.58	268.06	231414
2024-09-10	269.22	274.74	259.22	271.93	174465
2024-09-11	273.32	280.22	264.71	276.57	211423
2024-09-12	276.98	281.88	273.17	277.93	105985
2024-09-13	279.69	284.28	266.74	283.80	187656
2024-09-16	285.96	291.79	275.24	291.01	15981
2024-09-17	291.17	293.65	289.68	291.56	162529
2024-09-18	292.71	298.15	281.95	295.41	285183
2024-09-19	292.97	304.59	284.85	287.28	250790
2024-09-20	289.86	296.68	278.12	295.88	216472
2024-09-23	296.24	298.55	289.97	297.09	8390
2024-09-24	298.71	305.60	288.13	302.48	177802
2024-09-25	302.56	306.82	298.56	302.75	170888
2024-09-26	301.86	309.12	297.76	299.80	274058
2024-09-27	301.92	308.80	288.10	306.87	62522
2024-09-30	308.55	316.64	295.42	312.44	243045
2024-10-01	310.68	324.49	304.87	306.56	65523
2024-10-02	307.43	312.47	298.19	309.47	79243
2024-10-03	311.72	321.04	298.39	316.96	190580
2024-10-04	315.16	326.40	309.28	310.96	31851
2024-10-07	313.22	323.60	297.68	318.48	113382
2024-10-08	318.49	321.79	316.90	318.52	117717
2024-10-09	320.41	330.93	311.67	324.80	274472
2024-10-10	326.29	333.01	319.10	329.79	179351
2024-10-11	331.08	338.93	321.82	334.10	139225
2024-10-14	335.37	344.25	325.83	338.33	166287
2024-10-15	340.26	346.96	331.52	344.75	112094
2024-10-16	342.08	359.95	332.77	335.85	218253
2024-10-17	336.94	343.29	328.96	339.49	198503
2024-10-18	339.55	342.64	333.31	339.70	274950
2024-10-21	341.22	345.81	330.54	344.75	153509
2024-10-22	346.93	357.76	336.29	352.02	237718
2024-10-23	355.09	363.88	337.57	362.24	148732
2024-10-24	359.82	372.74	349.98	354.17	202718
2024-10-25	355.68	365.12	342.44	359.20	183832
2024-10-28	358.95	365.95	352.86	358.36	231373
2024-10-29	361.00	371.68	346.15	367.18	208006
2024-10-30	368.92	375.06	354.34	372.99	127040
2024-10-31	375.88	389.13	361.54	382.63	33128
2024-11-01	384.28	392.55	371.36	388.14	63229
2024-11-04	389.72	399.48	378.59	393.42	217012
2024-11-05	395.30	404.31	384.59	399.69	231549
2024-11-06	402.55	414.58	387.78	409.21	248769
2024-11-07	406.66	420.82	393.90	400.68	269499
2024-11-08	404.07	414.05	381.90	411.97	23242
2024-11-11	411.55	421.38	403.08	410.58	296325
2024-11-12	408.67	419.08	398.80	404.23	166467
2024-11-13	404.95	409.92	398.98	406.62	285777
2024-11-14	408.77	421.46	397.03	413.78	151496
2024-11-15	411.37	429.46	402.70	405.74	52962
2024-11-18	406.67	416.42	397.92	408.85	82829
2024-11-19	410.35	418.13	402.31	413.85	85399
2024-11-20	414.49	421.16	409.95	415.98	136630
2024-11-21	416.86	423.90	412.08	418.91	126069
2024-11-22	420.04	423.20	412.26	422.68	175874
2024-11-25	426.31	436.66	403.84	434.79	151009
2024-11-26	432.19	451.71	418.07	426.11	256162
2024-11-27	427.16	437.25	418.11	429.59	174903
2024-11-28	431.38	437.63	421.77	435.56	116151
2024-11-29	432.65	450.54	418.40	425.85	88116
2024-12-02	427.74	433.49	416.08	432.14	190262
2024-12-03	432.65	434.98	423.06	433.83	233731
2024-12-04	435.71	443.17	424.31	440.09	295784
2024-12-05	440.69	449.13	431.55	442.09	57397
2024-12-06	443.92	453.45	427.71	448.20	186352
2024-12-09	445.58	460.77	433.76	439.48	161129
2024-12-10	443.22	453.65	420.75	451.95	210149
2024-12-11	452.05	453.61	443.79	452.27	145107
2024-12-12	453.00	460.88	447.79	454.71	250016
2024-12-13	455.78	463.53	443.94	458.25	82840
2024-12-16	460.55	472.79	444.92	465.91	266550
2024-12-17	465.14	470.61	462.30	463.35	132470
2024-12-18	460.90	472.42	449.33	455.20	203043
2024-12-19	456.37	461.58	443.84	459.11	286597
2024-12-20	459.85	468.49	450.33	461.57	167453
2024-12-23	464.26	478.24	445.05	470.55	52128
2024-12-24	474.55	486.66	449.79	483.88	122716
2024-12-25	486.73	496.35	469.29	493.39	152947
2024-12-26	496.18	508.00	478.73	502.69	18019
2024-12-27	507.15	523.24	483.29	517.56	66123
2024-12-30	521.16	538.54	503.03	529.57	73578
2024-12-31	529.92	537.43	525.75	530.74	20757
2025-01-01	534.21	542.94	512.88	542.31	299835
2025-01-02	545.10	552.62	528.65	551.63	136107
2025-01-03	554.32	569.25	539.31	560.61	53127
2025-01-06	563.23	575.64	550.56	569.37	109896
2025-01-07	574.25	595.83	547.89	585.65	170508
2025-01-08	587.15	595.58	569.47	590.66	69501
2025-01-09	592.62	600.37	576.70	597.18	240291
2025-01-10	600.00	608.89	577.34	606.56	31309
2025-01-13	605.38	620.27	602.00	602.63	221349
2025-01-14	603.14	614.78	589.61	604.35	36806
2025-01-15	608.68	622.05	585.04	618.78	5708
2025-01-16	616.17	633.09	606.93	610.09	292326
2025-01-17	611.23	615.66	597.98	613.90	52626
2025-01-20	608.89	635.59	591.60	597.21	169779
2025-01-21	600.54	617.29	580.03	608.31	263809
2025-01-22	613.39	627.85	580.44	625.24	221122
2025-01-23	629.85	644.51	601.80	640.59	195554
2025-01-24	642.69	660.24	622.32	647.60	70534
2025-01-27	643.69	671.71	631.56	634.58	160631
2025-01-28	638.35	658.40	614.60	647.16	149738
2025-01-29	650.00	667.27	627.76	656.62	281901
2025-01-30	655.47	670.93	642.44	652.77	231910
2025-01-31	654.82	664.01	640.52	659.61	135949
2025-02-03	661.18	672.55	641.33	664.84	268854
2025-02-04	666.67	674.05	645.92	670.96	156697
2025-02-05	676.68	702.83	643.75	690.05	194819
2025-02-06	692.23	705.72	681.15	697.32	253054
2025-02-07	695.27	706.27	688.21	690.49	295241
2025-02-10	688.57	700.73	674.21	684.09	154399
2025-02-11	689.10	712.71	665.76	700.79	287623
2025-02-12	696.50	717.95	674.63	686.51	122538
2025-02-13	688.02	692.31	668.77	691.56	267102
2025-02-14	694.17	701.72	671.87	700.25	258846
2025-02-17	706.51	730.24	668.85	721.13	167311
2025-02-18	726.37	743.29	690.49	738.62	16021
2025-02-19	733.60	769.24	708.10	721.90	7476
2025-02-20	718.56	747.17	705.86	710.76	156096
2025-02-21	711.69	719.57	698.92	713.87	206921
2025-02-24	712.71	725.34	698.67	709.99	221558
2025-02-25	713.21	731.85	687.99	720.72	135813
2025-02-26	722.23	734.99	708.92	725.75	286704
2025-02-27	726.85	735.99	715.59	729.44	216520
2025-02-28	735.22	756.02	700.52	748.73	193576
2025-03-03	742.16	776.89	723.61	726.84	100529
2025-03-04	728.88	740.60	716.59	733.64	48820
2025-03-05	733.75	735.24	730.08	734.00	161287
2025-03-06	738.09	753.53	706.62	747.65	276191
2025-03-07	743.85	765.92	722.77	734.97	159167
2025-03-10	736.88	749.19	722.08	741.33	283474
2025-03-11	747.48	769.29	709.16	761.81	240874
2025-03-12	766.62	779.44	733.60	777.83	103719
2025-03-13	783.67	801.97	754.03	797.28	35516
2025-03-14	797.78	803.74	790.65	798.96	29555
2025-03-17	792.64	830.51	775.79	777.89	110746
2025-03-18	781.58	794.48	755.16	790.18	193274
2025-03-19	794.72	819.57	772.44	805.32	108122
2025-03-20	811.43	832.78	778.87	825.68	291858
2025-03-21	829.59	847.10	796.66	838.71	38974
2025-03-24	840.77	849.53	816.73	845.59	95897
2025-03-25	851.77	868.18	823.84	866.18	42005
2025-03-26	869.94	888.23	846.05	878.70	156522
2025-03-27	873.73	907.38	854.15	862.14	50234
2025-03-28	854.50	904.66	829.04	836.67	135943
2025-03-31	835.71	842.47	823.18	833.47	284045
2025-04-01	837.86	857.49	817.55	848.11	170185
2025-04-02	848.54	862.77	830.71	849.55	55849
2025-04-03	856.53	875.02	817.00	872.81	18444
2025-04-04	875.05	884.80	848.65	880.26	104204
2025-04-07	884.53	907.56	851.52	894.49	262155
2025-04-08	902.17	938.07	855.78	920.10	136806
2025-04-09	922.74	944.55	899.98	928.91	159232
2025-04-10	925.83	940.94	906.68	918.65	14595
2025-04-11	918.50	926.78	914.14	918.15	15885
2025-04-14	925.87	948.63	876.00	943.86	8475
2025-04-15	944.81	960.13	924.83	947.02	161192
2025-04-16	952.26	967.24	914.35	964.48	114014
2025-04-17	967.48	978.62	953.05	974.47	290828
2025-04-18	980.12	998.27	945.65	993.33	56778
2025-04-21	993.17	1001.55	981.31	992.81	154128
2025-04-22	984.01	1038.55	947.57	963.47	242285
2025-04-23	957.34	999.43	941.07	943.04	111461
2025-04-24	943.93	947.16	932.61	946.02	114883
2025-04-25	949.53	976.48	917.64	957.74	52839
2025-04-28	962.35	989.74	938.52	973.12	126639
2025-04-29	977.87	996.81	949.22	988.94	46726
2025-04-30	991.96	1012.04	970.17	999.01	106748
2025-05-01	992.14	1038.84	959.18	976.11	237777
2025-05-02	980.88	1004.07	951.34	992.00	229963
2025-05-05	995.47	1010.12	962.93	1003.56	265696
2025-05-06	1009.74	1044.13	966.22	1024.15	120987
2025-05-07	1026.63	1052.97	998.01	1032.40	56759
2025-05-08	1025.38	1076.88	1007.98	1008.99	241094
2025-05-09	1005.23	1030.36	988.37	996.47	135295
2025-05-12	1001.13	1015.68	962.85	1012.01	5118
2025-05-13	1018.89	1043.51	972.44	1034.96	43854
2025-05-14	1038.10	1053.01	1009.02	1045.43	178385
2025-05-15	1044.81	1051.03	1029.32	1043.36	233606
2025-05-16	1046.87	1071.12	1015.77	1055.07	25103
2025-05-19	1051.43	1085.45	1027.50	1042.93	158890
2025-05-20	1052.08	1082.67	1000.55	1073.41	90837
2025-05-21	1079.82	1101.88	1042.94	1094.79	160979
2025-05-22	1092.39	1115.06	1081.91	1086.78	43440
2025-05-23	1092.22	1109.25	1050.26	1104.91	83975
2025-05-26	1099.22	1126.21	1068.06	1085.92	282967
2025-05-27	1087.03	1103.70	1073.14	1089.64	230729
2025-05-28	1098.33	1135.74	1050.57	1118.60	53638
2025-05-29	1125.94	1149.72	1089.77	1143.08	203856
2025-05-30	1149.50	1174.71	1100.59	1164.49	289086
2025-06-02	1171.06	1190.46	1138.27	1186.38	103868
2025-06-03	1192.32	1224.50	1158.01	1206.20	294312
2025-06-04	1214.44	1246.04	1156.41	1233.67	256485
2025-06-05	1235.59	1254.31	1205.08	1240.06	142385
2025-06-06	1242.35	1254.39	1226.79	1247.67	153341
2025-06-09	1248.83	1273.55	1229.14	1251.56	5754
2025-06-10	1256.69	1275.86	1224.12	1268.66	207100
2025-06-11	1270.88	1279.29	1249.49	1276.07	205127
2025-06-12	1282.15	1300.85	1252.56	1296.34	159963
2025-06-13	1288.52	1343.11	1257.23	1270.27	11674
2025-06-16	1262.01	1306.05	1231.26	1242.74	253089
2025-06-17	1241.66	1247.75	1219.17	1239.13	130934
2025-06-18	1233.54	1282.25	1218.07	1220.49	139874
2025-06-19	1226.29	1245.08	1180.45	1239.81	133503
2025-06-20	1241.87	1253.20	1230.82	1246.68	120513
2025-06-23	1255.29	1292.22	1212.86	1275.36	47744
2025-06-24	1280.80	1308.22	1235.58	1293.50	283840
2025-06-25	1290.59	1324.00	1258.86	1283.82	60177
2025-06-26	1291.83	1319.76	1251.48	1310.52	136476
2025-06-27	1304.23	1337.10	1265.89	1289.53	241639
2025-06-30	1281.30	1334.83	1247.89	1262.10	61715
2025-07-01	1266.20	1283.38	1247.00	1275.77	245711
2025-07-02	1278.21	1289.63	1246.58	1283.92	216506
2025-07-03	1294.80	1346.07	1231.18	1320.21	296671
2025-07-04	1324.75	1358.44	1296.06	1335.37	265712
2025-07-07	1342.80	1376.36	1300.80	1360.13	111489
2025-07-08	1368.12	1411.03	1324.45	1386.76	64211
2025-07-09	1395.85	1425.54	1341.97	1417.07	89934
2025-07-10	1420.13	1450.50	1404.21	1427.27	294327
2025-07-11	1437.77	1488.99	1387.47	1462.26	82801
2025-07-14	1474.11	1504.59	1409.31	1501.77	231463
2025-07-15	1504.06	1537.68	1477.59	1509.41	253283
2025-07-16	1518.68	1544.98	1473.15	1540.30	167288
2025-07-17	1543.20	1560.57	1506.53	1549.96	37887
2025-07-18	1540.35	1595.43	1508.94	1517.93	42156
2025-07-21	1506.10	1578.50	1476.36	1478.49	96510
2025-07-22	1474.35	1501.99	1458.95	1464.69	180211
2025-07-23	1471.80	1512.58	1435.33	1488.40	90819
2025-07-24	1496.04	1538.09	1437.94	1513.87	263913
2025-07-25	1520.97	1555.13	1473.04	1537.53	273153
2025-07-28	1547.81	1586.57	1481.86	1571.79	52308
2025-07-29	1578.77	1621.93	1541.54	1595.06	152434
2025-07-30	1599.05	1636.58	1574.74	1608.36	42117
2025-07-31	1603.45	1633.34	1579.11	1591.99	281799
2025-08-01	1595.51	1622.66	1549.12	1603.74	242793
2025-08-04	1616.92	1675.22	1549.75	1647.66	63294
2025-08-05	1648.54	1657.42	1627.89	1650.57	6635
2025-08-06	1661.61	1706.91	1581.96	1687.37	218153
2025-08-07	1673.53	1760.93	1622.94	1641.22	79983
2025-08-08	1627.68	1716.38	1583.68	1596.09	252362
2025-08-11	1609.97	1648.82	1546.43	1642.35	85985
2025-08-12	1646.09	1670.25	1621.83	1654.82	117963
2025-08-13	1651.02	1693.45	1629.33	1642.15	65095
2025-08-14	1647.67	1670.74	1609.93	1660.53	278501
2025-08-15	1672.67	1710.94	1614.13	1701.01	114446
2025-08-18	1694.60	1742.39	1662.90	1679.66	16968
2025-08-19	1684.46	1710.64	1661.93	1695.66	155536
2025-08-20	1688.54	1747.14	1651.72	1671.93	70242
2025-08-21	1684.94	1730.70	1599.71	1715.31	13805
2025-08-22	1728.69	1778.79	1666.64	1759.91	30576
2025-08-25	1760.02	1787.73	1750.47	1760.26	236052
2025-08-26	1775.60	1831.70	1689.85	1811.39	143076
2025-08-27	1821.97	1856.95	1749.25	1846.67	100524
2025-08-28	1849.05	1868.39	1824.31	1854.60	249423
2025-08-29	1861.46	1887.55	1810.02	1877.46	284245
2025-09-01	1874.58	1918.27	1861.57	1867.85	271578
2025-09-02	1875.36	1906.10	1838.76	1892.90	87957
2025-09-03	1906.47	1946.57	1841.00	1938.14	144306
2025-09-04	1941.94	1973.59	1910.93	1950.81	257696
2025-09-05	1955.58	1975.80	1932.14	1966.70	101511
2025-09-08	1971.76	1996.63	1936.60	1983.58	53859
2025-09-09	1973.80	2021.56	1918.76	1951.01	221379
2025-09-10	1961.55	2001.61	1901.79	1986.14	139360
2025-09-11	1987.42	1996.91	1967.04	1990.39	72331
2025-09-12	1994.18	2005.16	1939.68	2003.03	84154
2025-09-15	2012.97	2043.05	1967.37	2036.19	149191
2025-09-16	2044.08	2076.87	2004.50	2062.51	235298
2025-09-17	2074.11	2107.50	1996.52	2101.16	144734
2025-09-18	2100.27	2137.66	2079.17	2098.19	122370
2025-09-19	2102.55	2154.67	2072.09	2112.74	87603
2025-09-22	2113.34	2139.77	2104.50	2114.73	277777
2025-09-23	2129.98	2185.46	2040.03	2165.55	202180
2025-09-24	2181.62	2262.31	2082.54	2219.11	167212
2025-09-25	2236.15	2314.06	2135.42	2275.91	289472
2025-09-26	2295.19	2380.36	2178.21	2340.15	218675
2025-09-29	2333.47	2367.47	2304.71	2317.89	163734
2025-09-30	2307.25	2384.80	2254.74	2282.42	288061
2025-10-01	2296.21	2340.79	2212.08	2328.37	196454
2025-10-02	2331.74	2376.53	2278.04	2339.59	42245
2025-10-03	2344.06	2389.60	2303.23	2354.47	35618
2025-10-06	2350.24	2398.36	2326.31	2340.37	257909
2025-10-07	2356.10	2403.04	2259.31	2392.79	139238
2025-10-08	2406.75	2451.85	2308.11	2439.33	140937
2025-10-09	2460.52	2533.50	2339.34	2509.98	232422
2025-10-10	2504.57	2548.58	2473.22	2491.93	12880
2025-10-13	2491.97	2520.77	2470.49	2492.06	276890
2025-10-14	2493.61	2544.29	2459.01	2497.24	252145
2025-10-15	2497.35	2531.60	2460.33	2497.62	32297
2025-10-16	2507.93	2559.05	2431.05	2531.97	256905
2025-10-17	2527.01	2584.25	2470.62	2515.45	246341
2025-10-20	2530.36	2596.69	2433.39	2565.16	216013
2025-10-21	2545.59	2646.73	2475.33	2499.94	42341
2025-10-22	2503.25	2554.79	2469.14	2510.96	42744
2025-10-23	2518.38	2569.31	2447.04	2535.69	15247
2025-10-24	2555.96	2635.18	2450.37	2603.27	256958
2025-10-27	2607.25	2637.05	2582.32	2616.54	249715
2025-10-28	2617.09	2661.16	2609.18	2618.37	18594
2025-10-29	2633.72	2720.62	2541.14	2669.52	89186
2025-10-30	2671.72	2706.31	2655.03	2676.83	244916
2025-10-31	2682.15	2706.21	2652.64	2694.57	79330
2025-11-03	2704.05	2739.70	2620.93	2726.18	299087
2025-11-04	2747.57	2851.91	2616.58	2797.49	92886
2025-11-05	2788.87	2873.66	2741.77	2768.76	127355
2025-11-06	2792.71	2896.26	2662.79	2848.58	89032
2025-11-07	2829.97	2923.87	2770.73	2786.56	238764
2025-11-10	2796.40	2837.04	2737.70	2819.37	84160
2025-11-11	2838.36	2893.42	2701.36	2882.66	40373
2025-11-12	2884.75	2896.47	2834.19	2889.63	299634
2025-11-13	2913.13	2993.55	2796.57	2967.98	104992
2025-11-14	2980.85	3050.68	2891.70	3010.87	114616
2025-11-17	3019.08	3070.10	2938.33	3038.22	151715
2025-11-18	3042.73	3068.20	3000.28	3053.27	248021
2025-11-19	3027.74	3196.05	2912.21	2968.17	61074
2025-11-20	2979.34	3043.88	2912.50	3005.40	279368
2025-11-21	3023.50	3083.02	2911.65	3065.72	190974
2025-11-24	3087.50	3170.10	2955.90	3138.32	47099
2025-11-25	3153.61	3204.70	3029.88	3189.26	80645
2025-11-26	3190.71	3239.36	3174.34	3194.07	119316
2025-11-27	3207.01	3269.69	3102.15	3237.19	95244
2025-11-28	3236.98	3290.65	3185.37	3236.49	147171
2025-12-01	3249.85	3331.60	3181.35	3281.02	177571
2025-12-02	3303.10	3405.17	3202.64	3354.63	156246
2025-12-03	3348.62	3407.59	3311.51	3334.58	106885
2025-12-04	3359.57	3454.42	3192.88	3417.87	265774
2025-12-05	3432.97	3513.85	3350.81	3468.19	171856
2025-12-08	3475.34	3535.31	3395.09	3492.03	97732
2025-12-09	3507.71	3552.68	3382.61	3544.32	293911
2025-12-10	3557.32	3646.56	3449.64	3587.66	76929
2025-12-11	3564.12	3672.17	3503.50	3509.19	172444
2025-12-12	3523.73	3589.56	3440.29	3557.65	110581
2025-12-15	3573.82	3619.45	3460.83	3611.55	162804
2025-12-16	3597.15	3714.72	3509.63	3563.53	96920
2025-12-17	3594.39	3702.99	3398.85	3666.39	280330
2025-12-18	3685.29	3787.50	3587.06	3729.38	59014
2025-12-19	3756.94	3876.10	3625.08	3821.25	127179
2025-12-22	3834.90	3906.31	3770.80	3866.76	97615
2025-12-23	3873.12	3918.39	3832.49	3887.96	101781
2025-12-24	3908.89	4015.28	3810.34	3957.71	163446
2025-12-25	3990.17	4094.61	3834.68	4065.89	169255
2025-12-26	4077.00	4125.96	4001.37	4102.90	141571
2025-12-29	4112.25	4181.19	4061.10	4134.05	60047
2025-12-30	4144.22	4179.42	4066.33	4167.95	115611
2025-12-31	4151.98	4255.75	4089.28	4114.73	265824
2026-01-01	4092.52	4207.73	4030.19	4040.69	158627
2026-01-02	4031.16	4095.73	3964.22	4008.93	107568
2026-01-05	4019.10	4080.47	3959.14	4042.81	249516
2026-01-06	4073.58	4217.05	3868.10	4145.38	46112
2026-01-07	4158.47	4262.40	4070.52	4189.03	62149
2026-01-08	4159.70	4330.69	4084.16	4091.28	59326
2026-01-09	4096.61	4184.65	3995.08	4109.03	131072
2026-01-12	4086.86	4253.46	4006.83	4035.13	104569
2026-01-13	4035.53	4055.15	3990.18	4036.45	123263
2026-01-14	4059.25	4158.97	3915.27	4112.46	60857
2026-01-15	4113.40	4139.42	4087.54	4115.60	222123
2026-01-16	4111.93	4135.58	4022.79	4103.37	188308
2026-01-19	4127.73	4208.67	3979.12	4184.57	46557
2026-01-20	4153.02	4308.55	4060.84	4079.41	124926
2026-01-21	4099.00	4181.68	3942.74	4144.73	140728
2026-01-22	4177.88	4320.85	4022.45	4255.22	151963
2026-01-23	4263.70	4320.88	4153.22	4283.50	250519
2026-01-26	4313.02	4469.24	4144.23	4381.87	42913
2026-01-27	4396.19	4512.91	4302.36	4429.58	191763
2026-01-28	4399.97	4562.56	4264.97	4330.88	158574
2026-01-29	4336.41	4404.57	4243.25	4349.31	218974
2026-01-30	4375.18	4459.43	4245.09	4435.55	194487
2026-02-02	4398.09	4635.28	4249.58	4310.69	199534
2026-02-03	4283.74	4473.51	4208.35	4220.86	230226
2026-02-04	4254.59	4347.00	4069.71	4333.31	99650
2026-02-05	4333.85	4411.28	4286.40	4335.10	180535
2026-02-06	4356.46	4426.47	4216.71	4406.28	287863
2026-02-09	4419.90	4500.09	4328.35	4451.68	194086
2026-02-10	4445.96	4477.86	4421.29	4432.61	171380
2026-02-11	4438.68	4497.73	4396.96	4452.82	52743
2026-02-12	4431.42	4547.14	4355.16	4381.48	12520
2026-02-13	4351.85	4507.54	4207.83	4282.70	73766
2026-02-16	4308.37	4382.57	4120.30	4368.28	127898
2026-02-17	4360.83	4465.51	4280.72	4343.46	172882
2026-02-18	4364.72	4451.44	4233.46	4414.33	252482
2026-02-19	4427.40	4469.01	4334.80	4457.91	93243
2026-02-20	4464.91	4565.56	4351.70	4481.23	6438
2026-02-23	4501.54	4585.10	4384.26	4548.94	31081
2026-02-24	4589.86	4754.26	4340.52	4685.34	39262
2026-02-25	4708.20	4778.46	4602.85	4761.55	271034
2026-02-26	4767.73	4798.36	4660.79	4782.16	287371
2026-02-27	4743.42	4963.84	4600.22	4653.03	10885
2026-03-02	4653.91	4721.10	4624.63	4655.96	290863
2026-03-03	4697.12	4857.19	4434.13	4793.16	291510
2026-03-04	4812.10	4893.81	4720.19	4856.31	30617
2026-03-05	4896.39	4997.91	4650.27	4989.93	263906
2026-03-06	5017.46	5167.22	4837.87	5081.70	126482
2026-03-09	5116.78	5258.48	4930.04	5198.63	50198
2026-03-10	5213.72	5347.07	5095.38	5248.93	153183
2026-03-11	5264.06	5402.98	5190.98	5299.37	262698
2026-03-12	5325.64	5484.71	5151.87	5386.93	73934
2026-03-13	5418.92	5558.40	5185.31	5493.57	111837
2026-03-16	5531.09	5656.71	5315.84	5618.65	16300
2026-03-17	5621.46	5700.73	5542.34	5628.03	249417
2026-03-18	5660.87	5745.61	5509.59	5737.49	216967
2026-03-19	5744.09	5803.95	5611.69	5759.49	238286
2026-03-20	5802.77	5948.26	5506.28	5903.76	99439
2026-03-23	5931.79	6100.76	5702.37	5997.19	94777
2026-03-24	6041.86	6239.67	5766.31	6146.10	210338
2026-03-25	6132.70	6217.34	6060.96	6101.43	243439
2026-03-26	6099.41	6191.03	6054.94	6094.69	283973
2026-03-27	6148.14	6339.07	5890.09	6272.84	152763
2026-03-30	6259.40	6338.78	6188.46	6228.05	50085
2026-03-31	6189.42	6390.03	5998.51	6099.29	231476
2026-04-01	6137.41	6300.97	5878.56	6226.36	186466
2026-04-02	6262.29	6403.33	6000.59	6346.14	42783
2026-04-03	6394.86	6607.77	6100.50	6508.55	116730
2026-04-06	6512.93	6550.58	6366.97	6523.15	128129
2026-04-07	6579.97	6747.51	6272.73	6712.57	93687
2026-04-08	6726.33	6861.12	6656.48	6758.46	196663
2026-04-09	6789.88	6926.98	6582.37	6863.21	47190
2026-04-10	6876.59	7033.29	6773.40	6907.82	14795
2026-04-13	6957.83	7198.05	6714.05	7074.54	211709
2026-04-14	7024.92	7300.95	6796.01	6909.14	132308
2026-04-15	6920.17	7038.15	6748.96	6945.92	247529
2026-04-16	6971.39	7038.33	6744.34	7030.80	83295
2026-04-17	7047.90	7220.95	6927.76	7087.78	48001
2026-04-20	7035.03	7349.64	6833.03	6911.96	165884
2026-04-21	6869.33	7066.85	6645.12	6769.87	284116
2026-04-22	6819.58	7019.18	6592.84	6935.55	90157
2026-04-23	6960.39	7153.75	6823.45	7018.36	190604
2026-04-24	7058.09	7281.69	6748.35	7150.79	222294
2026-04-27	7156.51	7312.35	7118.24	7169.84	223253
2026-04-28	7213.32	7415.64	6981.54	7314.75	174615
2026-04-29	7337.04	7407.81	7150.86	7389.06	270403
2026-04-30	7447.50	7627.64	7126.77	7583.85	183027
2026-05-01	7638.48	7914.68	7268.41	7765.93	218164