Date	Open	High	Low	Close	Volume
2022-11-21	28.06	28.59	27.36	28.39	10629
2022-11-22	28.44	29.14	27.82	28.57	208634
2022-11-23	28.58	29.12	28.18	28.59	222862
2022-11-24	28.71	29.42	27.80	29.00	23827
2022-11-25	28.93	29.58	28.42	28.76	88874
2022-11-28	28.84	29.16	28.01	29.04	45521
2022-11-29	28.80	29.91	27.96	28.24	47991
2022-11-30	28.14	28.96	27.60	27.90	13296
2022-12-01	28.00	28.28	27.30	28.22	26098
2022-12-02	28.36	29.22	27.67	28.67	124229
2022-12-05	28.77	29.59	27.99	29.03	107878
2022-12-06	29.10	29.51	28.47	29.27	62693
2022-12-07	29.41	30.06	28.52	29.72	164442
2022-12-08	29.56	30.35	28.61	29.17	82889
2022-12-09	29.31	29.94	28.23	29.62	59367
2022-12-12	29.62	29.75	29.58	29.63	185843
2022-12-13	29.63	29.83	29.19	29.63	164182
2022-12-14	29.80	30.60	28.80	30.20	144593
2022-12-15	30.14	30.72	29.98	30.01	16101
2022-12-16	30.16	31.06	29.04	30.50	95457
2022-12-19	30.62	31.18	30.07	30.89	293666
2022-12-20	30.91	31.40	30.40	30.95	153541
2022-12-21	31.05	31.43	30.35	31.29	31343
2022-12-22	31.31	31.83	30.80	31.36	50962
2022-12-23	31.50	32.26	30.31	31.81	111939
2022-12-26	31.91	32.49	31.09	32.15	269460
2022-12-27	32.38	33.15	31.01	32.91	214695
2022-12-28	33.06	33.49	31.78	33.43	119178
2022-12-29	33.63	34.22	32.65	34.10	276537
2022-12-30	33.87	34.96	32.79	33.34	141339
2023-01-02	33.47	33.95	32.50	33.76	230576
2023-01-03	33.89	34.59	33.29	34.19	248193
2023-01-04	34.44	35.48	32.81	35.03	12326
2023-01-05	35.29	36.45	34.10	35.88	185550
2023-01-06	36.17	37.45	34.66	36.83	95640
2023-01-09	37.00	37.57	36.17	37.37	131510
2023-01-10	37.19	38.71	36.32	36.75	92815
2023-01-11	37.05	37.81	35.68	37.75	169903
2023-01-12	37.78	38.31	37.22	37.86	195007
2023-01-13	37.89	38.05	37.67	37.95	265086
2023-01-16	38.18	39.47	36.95	38.74	91292
2023-01-17	39.02	39.85	37.19	39.67	282700
2023-01-18	39.84	40.34	38.40	40.25	67764
2023-01-19	40.57	41.82	38.82	41.31	149942
2023-01-20	41.01	42.73	40.19	40.33	45111
2023-01-23	39.97	41.66	38.65	39.13	68496
2023-01-24	39.24	39.74	38.07	39.50	243587
2023-01-25	39.60	40.17	38.70	39.84	134691
2023-01-26	40.15	41.07	38.49	40.88	26912
2023-01-27	41.03	41.46	39.85	41.37	64782
2023-01-30	41.04	42.60	39.79	40.26	134783
2023-01-31	40.39	41.44	39.07	40.70	60083
2023-02-01	40.90	41.52	39.66	41.35	11861
2023-02-02	41.56	42.51	40.17	42.05	92259
2023-02-03	42.39	43.31	40.26	43.20	50374
2023-02-06	43.37	44.01	42.17	43.77	124881
2023-02-07	44.09	45.06	42.16	44.86	176215
2023-02-08	45.05	46.33	44.17	45.48	255179
2023-02-09	45.37	46.76	44.51	45.11	67855
2023-02-10	44.99	46.22	44.44	44.70	76176
2023-02-13	44.93	46.17	43.68	45.48	194213
2023-02-14	45.84	46.97	43.70	46.69	6551
2023-02-15	46.91	48.26	45.19	47.42	280453
2023-02-16	47.82	49.03	45.57	48.74	57743
2023-02-17	48.91	49.91	47.83	49.28	181297
2023-02-20	49.52	50.21	47.57	50.07	130598
2023-02-21	50.52	52.26	48.02	51.56	193390
2023-02-22	51.89	52.92	50.40	52.65	275106
2023-02-23	53.11	54.56	51.05	54.19	78133
2023-02-24	54.47	55.46	52.51	55.12	133447
2023-02-27	55.27	56.28	53.67	55.61	146413
2023-02-28	55.56	56.54	54.71	55.42	91200
2023-03-01	55.75	57.29	53.92	56.50	208836
2023-03-02	56.30	57.71	55.26	55.85	281852
2023-03-03	55.67	56.67	55.18	55.26	179839
2023-03-06	55.40	56.38	54.59	55.71	78311
2023-03-07	55.99	57.48	54.67	56.62	226978
2023-03-08	56.65	57.67	55.48	56.72	65392
2023-03-09	56.95	58.00	55.82	57.50	88963
2023-03-10	57.96	59.12	54.98	59.04	186347
2023-03-13	59.37	60.55	56.98	60.14	57111
2023-03-14	60.46	62.18	58.76	61.19	60974
2023-03-15	61.21	61.99	60.71	61.25	235670
2023-03-16	61.67	63.55	59.47	62.65	260166
2023-03-17	62.40	63.65	60.60	61.83	110447
2023-03-20	61.91	63.11	61.05	62.11	197448
2023-03-21	62.40	63.78	60.54	63.07	102947
2023-03-22	62.50	65.67	60.31	61.18	159564
2023-03-23	61.55	62.51	58.87	62.41	74101
2023-03-24	62.64	64.33	61.33	63.19	82339
2023-03-27	63.22	63.57	62.57	63.29	294918
2023-03-28	63.13	64.90	62.05	62.76	10191
2023-03-29	62.80	63.01	61.85	62.89	232215
2023-03-30	63.34	65.31	60.77	64.38	153812
2023-03-31	64.85	67.22	61.71	65.95	75854
2023-04-03	66.39	67.60	64.16	67.41	185905
2023-04-04	67.51	68.67	66.00	67.73	39100
2023-04-05	67.85	69.24	66.31	68.14	132251
2023-04-06	68.50	70.15	66.55	69.36	146496
2023-04-07	69.39	69.61	68.11	69.45	153121
2023-04-10	69.75	71.34	67.54	70.45	107141
2023-04-11	70.32	71.45	69.82	69.99	108023
2023-04-12	70.47	72.40	67.66	71.60	149551
2023-04-13	71.82	72.50	69.65	72.34	204151
2023-04-14	72.25	73.13	71.13	72.04	109246
2023-04-17	72.14	73.29	71.06	72.36	33248
2023-04-18	72.43	73.14	70.91	72.58	11556
2023-04-19	72.30	74.11	71.06	71.64	272154
2023-04-20	71.57	73.13	71.15	71.39	30230
2023-04-21	71.75	72.70	70.06	72.58	130698
2023-04-24	72.61	73.73	71.20	72.68	116768
2023-04-25	72.61	73.78	71.43	72.44	132364
2023-04-26	72.66	73.82	70.74	73.19	251954
2023-04-27	73.37	74.18	72.32	73.80	130207
2023-04-28	74.18	75.94	71.51	75.06	233744
2023-05-01	74.70	77.78	72.63	73.86	17319
2023-05-02	74.07	75.50	71.78	74.55	41397
2023-05-03	74.57	75.27	73.95	74.61	184550
2023-05-04	74.44	76.68	73.08	74.02	247006
2023-05-05	74.28	75.07	71.89	74.88	162600
2023-05-08	74.56	76.24	73.16	73.81	187797
2023-05-09	74.17	75.63	71.67	75.00	42897
2023-05-10	75.51	77.71	72.98	76.71	52786
2023-05-11	77.31	79.55	74.61	78.70	284660
2023-05-12	78.44	80.00	77.09	77.82	284945
2023-05-15	78.12	80.41	76.61	78.84	248830
2023-05-16	78.70	80.21	77.60	78.38	259278
2023-05-17	78.98	81.71	75.22	80.39	151938
2023-05-18	80.86	82.85	78.35	81.96	195549
2023-05-19	82.59	84.48	78.81	84.06	183480
2023-05-22	84.52	86.42	82.01	85.59	243943
2023-05-23	85.37	86.64	83.30	84.86	121947
2023-05-24	85.55	87.73	82.15	87.17	236943
2023-05-25	87.82	90.39	83.83	89.36	60461
2023-05-26	89.84	92.63	87.20	90.98	210309
2023-05-29	91.32	93.46	88.26	92.11	45082
2023-05-30	92.44	93.56	90.29	93.22	165445
2023-05-31	93.93	95.96	90.24	95.59	52550
2023-06-01	95.84	96.82	92.93	96.43	51825
2023-06-02	97.15	99.77	93.77	98.81	164447
2023-06-05	99.46	101.55	95.68	100.97	133597
2023-06-06	101.21	103.08	98.70	101.78	7941
2023-06-07	102.45	104.45	99.16	104.00	46266
2023-06-08	103.40	108.00	100.02	101.99	98871
2023-06-09	102.20	103.89	100.19	102.69	19473
2023-06-12	103.47	107.15	98.23	105.30	96995
2023-06-13	104.94	107.47	103.53	104.08	91577
2023-06-14	103.81	106.94	101.21	103.17	281855
2023-06-15	104.01	106.20	100.27	105.95	297338
2023-06-16	106.60	109.70	102.96	108.11	259885
2023-06-19	108.42	109.96	105.82	109.12	196963
2023-06-20	108.59	112.88	106.04	107.36	246067
2023-06-21	108.24	112.10	103.46	110.28	41002
2023-06-22	110.46	112.90	109.02	110.89	195056
2023-06-23	111.16	113.81	108.60	111.78	244281
2023-06-26	112.22	115.24	108.83	113.25	10673
2023-06-27	112.33	118.60	108.40	110.20	275519
2023-06-28	110.47	113.27	108.32	111.12	53696
2023-06-29	110.87	114.07	108.77	110.29	149434
2023-06-30	110.99	113.55	106.23	112.63	111215
2023-07-03	112.89	115.61	111.18	113.48	70535
2023-07-04	113.66	114.70	111.79	114.08	81107
2023-07-05	114.99	117.62	109.08	117.11	53812
2023-07-06	117.80	119.55	114.11	119.42	100585
2023-07-07	118.86	121.45	115.91	117.55	160275
2023-07-10	118.04	120.91	115.75	119.18	73964
2023-07-11	118.98	121.73	117.58	118.52	193033
2023-07-12	118.55	119.71	117.10	118.64	74603
2023-07-13	118.86	121.51	117.18	119.36	66207
2023-07-14	120.27	123.41	114.46	122.39	197409
2023-07-17	123.25	127.70	119.26	125.26	142833
2023-07-18	125.95	129.80	122.00	127.56	52336
2023-07-19	126.67	131.52	123.18	124.59	129726
2023-07-20	124.80	127.53	121.60	125.28	254648
2023-07-21	125.70	129.01	122.12	126.69	84529
2023-07-24	126.72	127.29	125.53	126.79	245502
2023-07-25	127.59	130.25	123.63	129.47	166746
2023-07-26	129.91	131.59	127.57	130.93	150444
2023-07-27	131.83	134.96	127.59	133.92	60024
2023-07-28	132.80	139.87	129.46	130.18	14189
2023-07-31	130.31	132.16	129.08	130.61	94084
2023-08-01	130.71	132.76	127.91	130.94	146575
2023-08-02	131.26	134.63	127.68	132.00	283118
2023-08-03	132.39	133.78	130.09	133.29	46276
2023-08-04	134.11	138.74	129.94	136.03	162048
2023-08-07	136.60	138.42	133.06	137.94	64041
2023-08-08	138.80	143.37	133.43	140.79	238177
2023-08-09	139.96	146.35	137.62	138.02	19330
2023-08-10	138.45	139.93	135.79	139.45	269587
2023-08-11	140.11	142.82	136.10	141.64	13779
2023-08-14	141.76	144.00	139.11	142.04	129930
2023-08-15	141.71	144.98	138.41	140.93	15905
2023-08-16	141.12	142.27	139.42	141.56	163494
2023-08-17	142.30	145.71	136.79	144.02	101121
2023-08-18	145.16	148.33	139.84	147.81	246676
2023-08-21	148.55	152.14	142.69	150.28	223941
2023-08-22	150.35	151.14	147.51	150.50	197116
2023-08-23	151.00	154.86	146.13	152.14	291834
2023-08-24	152.43	155.66	150.57	153.09	71570
2023-08-25	153.92	156.77	147.40	155.85	33276
2023-08-28	154.76	161.05	149.22	152.22	242435
2023-08-29	152.42	154.60	151.00	152.90	56468
2023-08-30	153.92	158.03	146.99	156.30	16110
2023-08-31	157.12	159.50	151.87	159.04	124438
2023-09-01	159.80	162.83	154.43	161.58	160482
2023-09-04	162.46	165.84	158.06	164.51	139144
2023-09-05	165.53	169.12	160.64	167.89	114744
2023-09-06	168.31	171.76	165.58	169.30	154839
2023-09-07	170.77	175.30	162.33	174.21	162773
2023-09-08	174.61	176.41	171.24	175.54	209346
2023-09-11	176.96	180.89	167.79	180.29	142265
2023-09-12	179.67	185.83	176.01	178.22	147924
2023-09-13	179.72	186.68	171.40	183.21	236335
2023-09-14	181.63	191.52	175.80	177.96	25973
2023-09-15	178.37	180.80	175.33	179.35	79927
2023-09-18	178.52	184.72	173.10	176.60	79620
2023-09-19	176.99	178.97	174.02	177.91	200062
2023-09-20	178.96	183.52	173.08	181.42	45989
2023-09-21	180.20	186.76	176.81	177.37	23920
2023-09-22	177.62	178.69	175.76	178.22	88156
2023-09-25	177.48	181.24	174.59	175.78	16479
2023-09-26	175.90	176.43	173.27	176.18	259104
2023-09-27	176.29	177.36	173.10	176.53	14867
2023-09-28	177.07	179.70	172.12	178.32	240428
2023-09-29	178.36	179.11	174.65	178.44	263944
2023-10-02	178.87	180.63	176.80	179.88	88026
2023-10-03	180.27	181.58	175.90	181.19	273363
2023-10-04	182.22	186.45	176.54	184.61	23793
2023-10-05	185.85	192.29	179.48	188.75	118223
2023-10-06	189.34	191.43	183.82	190.74	221416
2023-10-09	191.48	196.98	185.33	193.22	235212
2023-10-10	193.71	197.84	188.56	194.84	41635
2023-10-11	193.69	199.49	190.21	191.01	144514
2023-10-12	189.50	198.33	184.94	185.98	239598
2023-10-13	187.04	192.51	179.35	189.49	104749
2023-10-16	189.62	193.36	187.12	189.93	289101
2023-10-17	190.73	193.93	185.06	192.61	244658
2023-10-18	193.94	197.47	187.79	197.05	63386
2023-10-19	198.28	204.45	191.32	201.17	90954
2023-10-20	200.19	205.89	196.06	197.90	296162
2023-10-23	198.53	200.81	194.56	199.99	166322
2023-10-24	201.09	205.86	193.96	203.66	115162
2023-10-25	204.38	206.85	200.21	206.06	18813
2023-10-26	206.51	211.69	203.92	207.55	171312
2023-10-27	205.79	215.81	199.77	201.69	61015
2023-10-30	202.12	207.18	197.10	203.12	99448
2023-10-31	201.74	211.70	196.46	198.51	14356
2023-11-01	198.79	200.81	196.15	199.43	280576
2023-11-02	199.65	203.44	197.98	200.17	51526
2023-11-03	200.33	203.55	195.66	200.71	178165
2023-11-06	200.26	203.14	197.94	199.20	114913
2023-11-07	200.73	206.48	193.33	204.31	49693
2023-11-08	206.11	210.91	195.77	210.31	172362
2023-11-09	212.12	216.90	200.74	216.33	286025
2023-11-10	217.14	221.97	212.12	219.02	265820
2023-11-13	218.03	224.55	215.24	215.74	260974
2023-11-14	215.26	220.14	212.37	214.15	11480
2023-11-15	215.13	221.38	207.49	217.42	52090
2023-11-16	217.68	221.50	214.89	218.30	243571
2023-11-17	218.08	219.27	215.54	217.59	265601
2023-11-20	215.89	225.40	211.35	211.91	293343
2023-11-21	212.63	215.61	205.88	214.28	21313
2023-11-22	215.41	220.30	207.97	218.05	43842
2023-11-23	218.58	221.15	214.47	219.80	204238
2023-11-24	221.58	227.21	212.52	225.72	218125
2023-11-27	226.32	228.91	222.44	227.72	241293
2023-11-28	229.37	234.17	219.55	233.20	44622
2023-11-29	234.15	238.60	226.48	236.35	193081
2023-11-30	236.01	242.06	231.85	235.19	228319
2023-12-01	237.31	245.88	223.84	242.25	169977
2023-12-04	242.47	243.64	241.14	243.00	196663
2023-12-05	244.47	248.41	236.47	247.91	66400
2023-12-06	247.73	250.64	244.51	247.32	81909
2023-12-07	246.44	253.21	240.35	244.39	101418
2023-12-08	242.49	252.55	237.70	238.06	79533
2023-12-11	240.14	245.87	227.23	245.01	33240
2023-12-12	245.67	249.80	239.29	247.22	228423
2023-12-13	246.61	253.07	242.26	245.18	150955
2023-12-14	246.58	250.77	237.63	249.84	236746
2023-12-15	250.39	256.10	244.10	251.67	175745
2023-12-18	252.28	258.33	245.98	253.70	44544
2023-12-19	254.25	258.72	249.95	255.54	95963
2023-12-20	256.00	260.14	249.50	257.08	274365
2023-12-21	255.03	266.87	249.52	250.26	13857
2023-12-22	249.92	254.97	247.98	249.14	83803
2023-12-25	247.53	257.09	242.27	243.78	130799
2023-12-26	245.36	252.06	235.94	249.05	97054
2023-12-27	249.61	255.82	242.75	250.91	30328
2023-12-28	252.34	258.47	245.19	255.69	41619
2023-12-29	255.98	260.88	249.66	256.66	215217
2024-01-01	257.14	259.20	254.17	258.27	174275
2024-01-02	257.48	263.78	253.00	255.63	59067
2024-01-03	255.82	260.44	253.45	256.25	279944
2024-01-04	257.53	261.39	250.15	260.53	134235
2024-01-05	262.39	269.87	252.90	266.73	266302
2024-01-08	266.92	269.88	265.79	267.35	289064
2024-01-09	266.02	275.86	258.75	262.92	237695
2024-01-10	262.49	266.16	259.31	261.49	282585
2024-01-11	263.71	272.28	253.58	268.89	196465
2024-01-12	270.59	275.71	261.96	274.55	123213
2024-01-15	275.52	280.29	270.35	277.80	103828
2024-01-16	277.85	279.10	276.65	277.99	70042
2024-01-17	279.95	286.29	266.48	284.51	45644
2024-01-18	284.56	288.92	282.75	284.67	119376
2024-01-19	286.76	296.54	276.34	291.64	221149
2024-01-22	292.71	300.10	282.68	295.20	5281
2024-01-23	297.81	305.10	283.59	303.90	204923
2024-01-24	304.62	307.22	295.84	306.31	219193
2024-01-25	303.60	316.87	296.84	297.29	236761
2024-01-26	299.40	309.63	286.27	304.34	206441
2024-01-29	306.02	312.78	296.24	309.94	21507
2024-01-30	312.17	322.24	299.11	317.38	69316
2024-01-31	317.42	319.04	315.28	317.52	262795
2024-02-01	319.74	328.94	306.51	324.92	282413
2024-02-02	326.97	333.18	315.97	331.74	232810
2024-02-05	331.36	339.59	328.38	330.48	246298
2024-02-06	331.65	336.29	325.09	334.40	30976
2024-02-07	335.01	338.36	328.70	336.41	118313
2024-02-08	337.08	344.21	329.55	338.66	101158
2024-02-09	340.59	347.74	329.34	345.08	295350
2024-02-12	347.84	358.35	329.82	354.27	166307
2024-02-13	356.27	365.42	341.21	360.92	23917
2024-02-14	361.75	364.92	356.47	363.68	218453
2024-02-15	364.40	372.85	355.14	366.07	23955
2024-02-16	368.89	378.25	354.33	375.46	80435
2024-02-19	377.62	387.76	367.39	382.65	185757
2024-02-20	385.73	398.86	367.04	392.93	138978
2024-02-21	394.29	400.46	383.33	397.45	167225
2024-02-22	399.75	412.44	386.62	405.13	13795
2024-02-23	408.06	417.73	392.84	414.89	222400
2024-02-26	415.84	420.61	403.97	418.04	161759
2024-02-27	419.95	432.43	404.52	424.39	203594
2024-02-28	424.52	427.07	416.27	424.82	276450
2024-02-29	423.22	433.00	411.64	419.47	13555
2024-03-01	419.53	427.51	416.21	419.67	156567
2024-03-04	422.93	433.61	407.86	430.54	206804
2024-03-05	431.37	435.64	422.12	433.33	198498
2024-03-06	430.11	445.21	415.49	422.61	251096
2024-03-07	426.04	442.68	408.09	434.02	258656
2024-03-08	435.06	442.78	427.57	437.46	134027
2024-03-11	436.94	441.97	434.49	435.73	56970
2024-03-12	434.94	446.56	432.06	433.10	192999
2024-03-13	433.68	442.71	424.00	435.04	278404
2024-03-14	437.17	450.57	421.08	442.13	100423
2024-03-15	445.99	455.45	427.79	454.99	106684
2024-03-18	458.36	475.29	435.99	466.21	53206
2024-03-19	464.26	477.58	456.83	459.71	12905
2024-03-20	459.62	468.70	453.06	459.41	64899
2024-03-21	456.57	477.63	448.87	449.94	109320
2024-03-22	447.18	466.08	434.69	440.74	153142
2024-03-25	442.45	451.40	431.26	446.43	163659
2024-03-26	447.90	457.56	433.50	451.33	106381
2024-03-27	455.28	467.57	434.41	464.51	285792
2024-03-28	463.94	470.67	459.68	462.62	33143
2024-03-29	466.49	482.57	446.24	475.51	11502
2024-04-01	474.50	485.52	464.46	472.14	208404
2024-04-02	469.65	483.32	456.67	463.83	31853
2024-04-03	464.69	473.76	454.70	466.69	18153
2024-04-04	466.89	468.49	464.04	467.33	19640
2024-04-05	470.52	481.22	453.64	477.96	101091
2024-04-08	478.32	481.76	472.56	479.16	32010
2024-04-09	481.04	491.24	465.68	485.44	11039
2024-04-10	489.68	509.42	465.43	499.57	233820
2024-04-11	500.17	502.64	494.73	501.58	10833
2024-04-12	505.15	514.31	483.64	513.46	115366
2024-04-15	511.62	527.84	503.68	507.31	244677
2024-04-16	511.11	523.46	485.59	519.98	65869
2024-04-17	516.87	531.22	508.42	509.60	46214
2024-04-18	508.68	521.65	500.49	506.54	207877
2024-04-19	508.43	517.82	498.38	512.83	151846
2024-04-22	509.13	535.22	491.69	500.49	241023
2024-04-23	497.32	521.16	486.46	489.93	177819
2024-04-24	488.16	505.56	482.65	484.03	89264
2024-04-25	487.44	497.75	465.10	495.40	118570
2024-04-26	491.23	518.36	480.16	481.49	75924
2024-04-29	478.79	491.11	463.97	472.47	208867
2024-04-30	474.17	486.93	457.96	478.13	50467
2024-05-01	474.87	494.43	458.46	467.26	142133
2024-05-02	470.48	487.30	450.97	478.00	56173
2024-05-03	480.43	488.03	468.94	486.09	27480
2024-05-06	489.71	499.09	472.73	498.16	88472
2024-05-07	498.98	507.85	490.55	500.91	263552
2024-05-08	499.24	511.69	491.49	495.33	57624
2024-05-09	497.45	507.60	484.96	502.39	105073
2024-05-10	503.46	508.29	493.93	505.97	153457
2024-05-13	507.88	517.71	496.63	512.34	81464
2024-05-14	512.76	521.14	507.63	513.74	211777
2024-05-15	517.10	532.68	498.26	524.93	138499
2024-05-16	525.48	532.71	521.85	526.74	160360
2024-05-17	527.43	538.84	516.25	529.03	61859
2024-05-20	530.20	537.65	517.87	532.94	64885
2024-05-21	536.55	549.12	513.69	544.99	131484
2024-05-22	547.72	563.87	527.41	554.08	238800
2024-05-23	555.34	562.78	540.35	558.29	151668
2024-05-24	561.80	576.31	542.49	570.01	274698
2024-05-27	571.04	581.08	556.26	573.46	235185
2024-05-28	578.34	600.68	546.96	589.74	74413
2024-05-29	591.10	597.91	577.56	594.25	27737
2024-05-30	593.19	604.17	586.53	590.72	129134
2024-05-31	588.17	603.21	570.73	582.21	93268
2024-06-03	585.04	601.30	562.82	591.64	104869
2024-06-04	595.41	614.40	569.78	604.22	141730
2024-06-05	601.45	617.79	592.35	594.97	155520
2024-06-06	589.84	614.79	567.65	577.86	200267
2024-06-07	573.27	595.39	552.12	562.55	276877
2024-06-10	564.93	574.22	545.09	570.48	145247
2024-06-11	575.25	588.08	548.92	586.39	41472
2024-06-12	587.94	598.44	570.55	591.56	36725
2024-06-13	592.81	605.44	583.67	595.73	49840
2024-06-14	599.32	618.92	574.53	607.70	167528
2024-06-17	604.63	621.51	593.33	597.49	128523
2024-06-18	593.95	618.55	582.79	585.67	297709
2024-06-19	588.13	598.92	566.51	593.87	177400
2024-06-20	599.18	620.45	566.46	611.58	213872
2024-06-21	609.72	629.82	594.33	605.38	13803
2024-06-24	610.72	631.89	585.27	623.17	33239
2024-06-25	625.54	632.59	608.96	631.06	205918
2024-06-26	633.73	644.43	612.47	639.94	150974
2024-06-27	645.41	667.41	614.26	658.20	6035
2024-06-28	660.83	676.86	640.95	666.96	107753
2024-07-01	669.87	684.35	645.02	676.68	32218
2024-07-02	680.44	691.46	652.15	689.21	83173
2024-07-03	687.18	707.27	676.58	682.45	122126
2024-07-04	687.65	701.58	660.81	699.79	191417
2024-07-05	703.10	712.71	683.29	710.85	292844
2024-07-08	710.95	715.10	708.87	711.20	181653
2024-07-09	711.10	716.18	702.77	710.87	208158
2024-07-10	708.65	729.71	690.60	703.47	55874
2024-07-11	707.36	728.86	683.41	716.43	162218
2024-07-12	714.79	723.58	699.37	710.97	248643
2024-07-15	716.78	732.10	680.60	730.32	276889
2024-07-16	731.46	736.19	719.58	734.12	177849
2024-07-17	736.93	745.31	711.91	743.48	27968
2024-07-18	749.84	765.46	720.59	764.67	125348
2024-07-19	769.26	785.22	744.59	779.96	50732
2024-07-22	775.40	808.13	755.77	764.76	24723
2024-07-23	766.01	770.35	759.35	768.92	185580
2024-07-24	772.85	786.82	745.34	782.00	282101
2024-07-25	784.57	800.69	764.38	790.56	162954
2024-07-26	793.14	808.43	770.67	799.15	270910
2024-07-29	798.34	803.39	792.39	796.45	171055
2024-07-30	800.11	820.95	781.35	808.65	293991
2024-07-31	807.68	819.56	803.05	805.42	139508
2024-08-01	798.92	830.98	781.44	783.74	226305
2024-08-02	787.02	805.91	767.19	794.68	207235
2024-08-05	798.37	822.82	775.54	806.96	147452
2024-08-06	813.52	842.37	775.69	828.82	130442
2024-08-07	832.87	844.85	801.78	842.33	99365
2024-08-08	840.69	860.55	823.00	836.88	210589
2024-08-09	831.52	866.12	813.65	819.03	232462
2024-08-12	822.01	835.23	806.42	828.95	76725
2024-08-13	833.54	853.17	805.83	844.25	183202
2024-08-14	849.43	868.45	825.10	861.54	77335
2024-08-15	861.95	872.42	848.73	862.90	263123
2024-08-16	869.22	888.59	833.59	883.95	278222
2024-08-19	884.98	892.80	872.30	887.38	289082
2024-08-20	888.89	894.31	869.28	892.42	284734
2024-08-21	890.26	917.09	870.67	885.21	56997
2024-08-22	890.68	918.35	851.79	903.42	209347
2024-08-23	904.49	912.45	896.66	906.98	37839
2024-08-26	909.78	922.15	883.52	916.33	80725
2024-08-27	924.39	952.18	874.16	943.19	244146
2024-08-28	948.87	967.75	916.16	962.13	66547
2024-08-29	961.18	970.80	947.33	958.97	247032
2024-08-30	965.67	985.83	927.29	981.30	157451
2024-09-02	977.15	1004.89	959.11	967.48	133783
2024-09-03	970.34	994.05	951.27	977.02	292890
2024-09-04	984.82	1022.58	940.51	1003.04	44472
2024-09-05	1005.57	1021.41	975.24	1011.49	203722
2024-09-06	1007.13	1028.96	987.45	996.97	90783
2024-09-09	998.68	1022.59	985.69	1002.66	252423
2024-09-10	1007.59	1034.11	982.56	1019.08	147536
2024-09-11	1027.33	1057.10	988.09	1046.56	228191
2024-09-12	1047.82	1070.27	1021.57	1050.78	78947
2024-09-13	1052.58	1069.39	1029.87	1056.79	97106
2024-09-16	1058.18	1073.69	1032.01	1061.44	150887
2024-09-17	1067.50	1095.51	1037.43	1081.62	195270
2024-09-18	1083.29	1095.36	1073.23	1087.20	271147
2024-09-19	1079.20	1121.75	1045.87	1060.55	194476
2024-09-20	1068.31	1104.26	1030.33	1086.40	101875
2024-09-23	1089.36	1099.84	1063.68	1096.27	68243
2024-09-24	1102.11	1133.31	1060.17	1115.75	243982
2024-09-25	1119.91	1135.23	1091.52	1129.62	173844
2024-09-26	1119.94	1180.67	1088.24	1097.38	18603
2024-09-27	1088.96	1134.58	1054.80	1069.33	164995
2024-09-30	1074.99	1099.95	1046.53	1088.19	160252
2024-10-01	1093.10	1112.90	1054.21	1104.56	105319
2024-10-02	1111.17	1140.33	1077.50	1126.58	69270
2024-10-03	1129.82	1150.64	1094.32	1137.39	74872
2024-10-04	1137.63	1155.08	1131.25	1138.18	72768
2024-10-07	1143.30	1173.95	1110.69	1155.26	254146
2024-10-08	1162.29	1184.02	1125.84	1178.70	272228
2024-10-09	1186.40	1215.04	1148.08	1204.37	78077
2024-10-10	1198.99	1233.36	1175.66	1186.43	241627
2024-10-11	1192.49	1214.52	1144.16	1206.64	227698
2024-10-14	1207.86	1223.42	1198.38	1210.72	231181
2024-10-15	1212.41	1230.83	1185.86	1216.34	292850
2024-10-16	1223.88	1247.08	1187.70	1241.48	271444
2024-10-17	1251.44	1276.14	1189.00	1274.69	202546
2024-10-18	1274.72	1289.28	1252.19	1274.80	283672
2024-10-21	1269.73	1310.42	1242.08	1257.88	5091
2024-10-22	1263.24	1296.93	1222.98	1275.76	179134
2024-10-23	1275.81	1295.72	1253.32	1275.95	257614
2024-10-24	1266.22	1330.70	1230.04	1243.52	282397
2024-10-25	1236.30	1287.40	1199.91	1219.47	133799
2024-10-28	1224.94	1253.94	1191.50	1237.69	201640
2024-10-29	1241.02	1256.56	1208.83	1248.81	296100
2024-10-30	1251.81	1266.46	1221.79	1258.80	239284
2024-10-31	1264.37	1285.11	1237.99	1277.39	151675
2024-11-01	1276.08	1305.35	1259.37	1273.04	138273
2024-11-04	1282.24	1310.63	1228.90	1303.73	137010
2024-11-05	1308.88	1345.98	1284.50	1320.90	30205
2024-11-06	1332.68	1376.54	1272.90	1360.14	201714
2024-11-07	1372.12	1419.59	1313.85	1400.05	174136
2024-11-08	1411.75	1452.31	1335.83	1439.06	224983
2024-11-11	1450.57	1484.34	1378.81	1477.42	101155
2024-11-12	1480.71	1499.19	1460.35	1488.41	31955
2024-11-13	1496.60	1543.94	1452.29	1515.72	167930
2024-11-14	1527.98	1576.15	1455.32	1556.57	234076
2024-11-15	1543.03	1631.21	1493.07	1511.44	296314
2024-11-18	1506.65	1529.67	1469.84	1495.46	162804
2024-11-19	1483.45	1542.99	1434.39	1455.43	230541
2024-11-20	1456.39	1469.65	1447.13	1458.61	49377
2024-11-21	1455.11	1493.76	1433.57	1446.93	299941
2024-11-22	1459.63	1500.01	1389.90	1489.26	30344
2024-11-25	1490.20	1521.26	1464.20	1492.39	55289
2024-11-26	1498.10	1535.17	1456.44	1511.42	217937
2024-11-27	1520.58	1547.71	1465.38	1541.94	83957
2024-11-28	1548.66	1586.74	1490.87	1564.35	265871
2024-11-29	1557.18	1592.24	1535.40	1540.45	149889
2024-12-02	1537.77	1557.11	1515.72	1531.52	135246
2024-12-03	1540.77	1572.58	1484.97	1562.37	47401
2024-12-04	1567.51	1599.18	1520.10	1579.51	38642
2024-12-05	1586.59	1618.51	1540.07	1603.12	60897
2024-12-06	1614.90	1674.25	1543.49	1642.40	178585
2024-12-09	1655.77	1702.47	1571.58	1686.97	90207
2024-12-10	1691.94	1707.72	1643.29	1703.52	113487
2024-12-11	1714.03	1747.56	1651.14	1738.53	258984
2024-12-12	1744.43	1786.50	1710.45	1758.21	282746
2024-12-13	1755.17	1774.11	1726.67	1748.10	218765
2024-12-16	1761.14	1796.96	1683.55	1791.57	137966
2024-12-17	1793.48	1833.56	1775.88	1797.94	12727
2024-12-18	1810.61	1858.05	1732.93	1840.18	53736
2024-12-19	1849.22	1894.73	1799.02	1870.30	228871
2024-12-20	1878.04	1902.92	1838.64	1896.11	168425
2024-12-23	1909.18	1949.23	1831.83	1939.67	285391
2024-12-24	1929.55	1997.89	1876.75	1905.95	37232
2024-12-25	1918.01	1983.05	1842.19	1946.15	284181
2024-12-26	1955.30	2000.26	1907.49	1976.66	266521
2024-12-27	1991.08	2052.01	1918.09	2024.71	27020
2024-12-30	2029.52	2062.92	1986.39	2040.76	157282
2024-12-31	2047.79	2087.85	2010.33	2064.18	70614
2025-01-01	2076.15	2108.38	2012.73	2104.09	134985
2025-01-02	2106.13	2128.62	2085.83	2110.91	146004
2025-01-03	2120.89	2173.81	2059.39	2144.18	269417
2025-01-06	2158.17	2196.29	2067.98	2190.80	292900
2025-01-07	2201.74	2247.75	2146.64	2227.26	236765
2025-01-08	2207.70	2307.30	2156.46	2162.08	143546
2025-01-09	2163.58	2171.32	2117.49	2167.10	251390
2025-01-10	2185.29	2234.36	2096.75	2227.73	185333
2025-01-13	2226.56	2248.04	2186.47	2223.81	71181
2025-01-14	2214.06	2301.07	2186.10	2191.32	181420
2025-01-15	2210.89	2300.55	2087.25	2256.57	32756
2025-01-16	2258.31	2276.81	2218.40	2262.39	134631
2025-01-17	2253.55	2300.73	2199.74	2232.94	39431
2025-01-20	2215.39	2327.87	2168.33	2174.44	235075
2025-01-21	2190.03	2237.28	2115.12	2226.39	158533
2025-01-22	2216.88	2294.04	2159.83	2194.66	143832
2025-01-23	2205.02	2244.94	2135.41	2229.18	128551
2025-01-24	2227.36	2250.72	2197.48	2223.12	76304
2025-01-27	2227.83	2250.58	2200.10	2238.83	238074
2025-01-28	2236.83	2284.46	2222.46	2232.18	297791
2025-01-29	2240.32	2293.52	2183.06	2259.30	92833
2025-01-30	2269.33	2336.64	2206.99	2292.73	153531
2025-01-31	2278.96	2380.42	2234.89	2246.83	247837
2025-02-03	2245.49	2292.67	2235.99	2242.36	141117
2025-02-04	2254.65	2292.73	2195.23	2283.31	225362
2025-02-05	2293.97	2356.28	2231.82	2318.85	152320
2025-02-06	2325.46	2365.45	2279.77	2340.88	240201
2025-02-07	2332.60	2374.29	2305.70	2313.27	56034
2025-02-10	2311.51	2334.03	2297.76	2307.41	227271
2025-02-11	2312.21	2359.50	2267.21	2323.41	275657
2025-02-12	2304.92	2428.95	2218.35	2261.78	56912
2025-02-13	2262.38	2272.60	2240.54	2263.76	258701
2025-02-14	2283.18	2340.60	2157.66	2328.51	295794
2025-02-17	2335.76	2392.10	2292.91	2352.70	171798
2025-02-18	2338.13	2443.34	2272.72	2304.16	206601
2025-02-19	2288.35	2394.16	2240.75	2251.47	143171
2025-02-20	2265.81	2302.25	2174.52	2299.28	226509
2025-02-21	2304.41	2318.78	2262.23	2316.38	80744
2025-02-24	2327.21	2382.14	2256.16	2352.48	244177
2025-02-25	2333.13	2456.22	2273.11	2287.97	50405
2025-02-26	2303.02	2380.94	2224.00	2338.12	202437
2025-02-27	2355.01	2405.51	2245.38	2394.41	244130
2025-02-28	2406.83	2481.28	2349.64	2435.79	233165
2025-03-03	2429.86	2492.68	2376.21	2416.03	224263
2025-03-04	2428.96	2476.27	2327.57	2459.14	290544
2025-03-05	2460.92	2503.50	2448.40	2465.09	42509
2025-03-06	2479.87	2541.75	2375.11	2514.36	193862
2025-03-07	2511.14	2567.00	2455.52	2503.63	127771
2025-03-10	2488.17	2566.78	2423.68	2452.09	211735
2025-03-11	2451.17	2485.33	2442.08	2449.01	154212
2025-03-12	2452.81	2491.33	2418.05	2461.69	176559
2025-03-13	2449.61	2519.61	2386.94	2421.42	264978
2025-03-14	2423.57	2474.73	2374.72	2428.60	222233
2025-03-17	2445.87	2502.65	2331.09	2486.17	274359
2025-03-18	2506.10	2593.80	2390.36	2552.59	187051
2025-03-19	2557.36	2577.19	2507.76	2568.50	43831
2025-03-20	2582.87	2634.14	2506.38	2616.41	151241
2025-03-21	2601.71	2705.39	2552.35	2567.40	78156
2025-03-24	2585.01	2673.74	2492.08	2626.10	19653
2025-03-25	2622.69	2687.38	2597.85	2614.75	246791
2025-03-26	2620.47	2648.35	2557.16	2633.82	89816
2025-03-27	2644.55	2720.40	2553.58	2669.57	160658
2025-03-28	2647.05	2794.76	2590.78	2594.48	287174
2025-03-31	2596.12	2644.69	2571.25	2599.94	206731
2025-04-01	2622.46	2725.13	2518.25	2675.01	226356
2025-04-02	2689.82	2748.88	2601.29	2724.36	286438
2025-04-03	2741.49	2817.31	2643.42	2781.46	286208
2025-04-04	2792.62	2854.50	2709.65	2818.66	291716
2025-04-07	2805.26	2873.63	2754.37	2773.99	258888
2025-04-08	2783.21	2853.05	2723.64	2804.74	173240
2025-04-09	2819.26	2882.75	2732.93	2853.13	209535
2025-04-10	2877.55	2984.52	2742.53	2934.52	289172
2025-04-11	2945.44	3003.47	2871.91	2970.91	64810
2025-04-14	2986.66	3037.16	2891.40	3023.40	119885
2025-04-15	3028.42	3093.79	3000.09	3040.15	123597
2025-04-16	3041.94	3066.02	2992.87	3046.11	104078
2025-04-17	3052.34	3091.25	2997.99	3066.88	261479
2025-04-18	3058.39	3123.81	3019.89	3038.58	262377
2025-04-21	3044.31	3102.05	2980.55	3057.67	274875
2025-04-22	3075.51	3155.41	2992.79	3117.11	260707
2025-04-23	3130.61	3180.14	3017.51	3162.12	16556
2025-04-24	3148.22	3256.50	3078.70	3115.78	173385
2025-04-25	3122.95	3188.37	3084.17	3139.70	41265
2025-04-28	3112.24	3250.77	3030.07	3048.18	136260
2025-04-29	3063.10	3131.27	2969.51	3097.92	113027
2025-04-30	3083.64	3172.84	3039.20	3050.32	276837
2025-05-01	3072.94	3184.67	2922.55	3125.73	160332
2025-05-02	3145.56	3246.44	3035.12	3191.81	17116
2025-05-05	3179.36	3275.37	3138.86	3150.31	85512
2025-05-06	3161.05	3228.83	3055.93	3186.13	90146
2025-05-07	3208.38	3317.01	3059.91	3260.30	229580
2025-05-08	3287.18	3409.81	3151.89	3349.89	139046
2025-05-09	3374.74	3481.67	3242.15	3432.71	95211
2025-05-12	3457.31	3557.98	3290.33	3514.71	73924
2025-05-13	3541.12	3636.55	3414.93	3602.74	169761
2025-05-14	3575.24	3767.17	3500.76	3511.07	287853
2025-05-15	3540.79	3643.70	3392.58	3610.14	133956
2025-05-16	3609.58	3650.44	3602.68	3608.27	262384
2025-05-19	3612.34	3646.17	3526.81	3621.84	238258
2025-05-20	3632.21	3717.65	3517.52	3656.42	242557
2025-05-21	3673.14	3784.61	3545.84	3712.17	11264
2025-05-22	3733.33	3810.18	3585.74	3782.71	254809
2025-05-23	3753.44	3899.27	3611.50	3685.13	54572
2025-05-26	3717.63	3799.42	3508.92	3793.46	287418
2025-05-27	3803.26	3887.24	3695.81	3826.13	118608
2025-05-28	3854.37	3954.79	3659.00	3920.28	154643
2025-05-29	3950.91	4083.69	3808.65	4022.37	164118
2025-05-30	4043.42	4129.25	3906.60	4092.53	67997
2025-06-02	4094.86	4155.41	4056.06	4100.29	146352
2025-06-03	4130.36	4214.38	3949.82	4200.53	270682
2025-06-04	4201.73	4210.84	4163.37	4204.53	174776
2025-06-05	4229.56	4292.52	4078.87	4287.97	152972
2025-06-06	4309.92	4405.97	4155.68	4361.13	275952
2025-06-09	4385.28	4473.35	4255.02	4441.63	23743
2025-06-10	4462.41	4534.80	4343.88	4510.91	5614
2025-06-11	4539.06	4670.13	4342.00	4604.75	24985
2025-06-12	4626.32	4761.73	4509.09	4676.64	216334
2025-06-13	4705.85	4816.62	4566.01	4774.02	122274
2025-06-16	4759.11	4848.44	4659.56	4724.30	215981
2025-06-17	4753.12	4831.94	4591.86	4820.35	260641
2025-06-18	4826.04	4932.54	4745.42	4839.32	295823
2025-06-19	4803.69	5033.88	4663.63	4720.55	86301
2025-06-20	4747.27	4880.54	4544.50	4809.61	184010
2025-06-23	4807.80	4905.78	4712.32	4803.55	199707
2025-06-24	4840.52	5014.62	4672.32	4926.79	155390
2025-06-25	4969.31	5125.87	4774.28	5068.52	89558
2025-06-26	5069.29	5155.22	4965.49	5071.09	275365
2025-06-27	5100.08	5231.18	4909.31	5167.72	204572
2025-06-30	5121.79	5373.36	4944.96	5014.59	115850
2025-07-01	5040.89	5140.86	4907.80	5102.26	187888
2025-07-02	5124.52	5230.58	4970.35	5176.45	169927
2025-07-03	5144.34	5352.07	5003.74	5069.41	44760
2025-07-04	5100.24	5198.07	4954.20	5172.17	263358
2025-07-07	5197.19	5263.18	5083.07	5255.57	173868
2025-07-08	5289.87	5420.37	5045.79	5369.91	203839
2025-07-09	5411.35	5606.70	5226.05	5508.05	169238
2025-07-10	5542.77	5636.28	5361.27	5623.77	241603
2025-07-11	5633.57	5734.61	5503.51	5656.45	258897
2025-07-14	5668.78	5724.56	5580.21	5697.53	183097
2025-07-15	5659.89	5835.04	5536.86	5572.05	204661
2025-07-16	5580.16	5612.71	5519.03	5599.07	151531
2025-07-17	5641.53	5837.05	5376.38	5740.60	168936
2025-07-18	5790.94	6018.21	5534.20	5908.39	176392
2025-07-21	5921.48	5991.18	5771.16	5952.01	18687
2025-07-22	5903.74	6162.67	5709.49	5791.11	140954
2025-07-23	5839.57	6030.21	5612.65	5952.62	119525
2025-07-24	5929.32	6120.38	5763.22	5874.97	205361
2025-07-25	5904.57	6000.38	5708.27	5973.64	258678
2025-07-28	6018.91	6145.20	5776.86	6124.53	134442
2025-07-29	6148.61	6284.98	5943.75	6204.79	160681
2025-07-30	6260.45	6403.38	5969.74	6390.33	250604
2025-07-31	6424.65	6565.44	6155.41	6504.72	285369
2025-08-01	6510.70	6635.07	6363.94	6524.66	68372
2025-08-04	6557.29	6759.72	6311.02	6633.42	236675
2025-08-05	6691.81	6904.46	6352.36	6828.05	112630
2025-08-06	6828.59	6959.29	6708.71	6829.86	210555
2025-08-07	6791.12	7009.70	6582.98	6700.75	128996
2025-08-08	6718.68	6788.70	6524.35	6760.50	93886
2025-08-11	6719.64	6933.52	6582.11	6624.29	11746
2025-08-12	6642.92	6808.36	6446.88	6686.41	65308
2025-08-13	6661.05	6838.61	6592.07	6601.86	284131
2025-08-14	6633.59	6788.59	6382.07	6707.65	94984
2025-08-15	6683.93	6883.57	6618.92	6628.61	291314
2025-08-18	6641.58	6761.86	6533.62	6671.85	253394
2025-08-19	6722.77	6876.43	6488.50	6841.59	208145
2025-08-20	6902.64	7103.30	6517.41	7045.09	150593
2025-08-21	7096.90	7247.02	6785.46	7217.80	56890
2025-08-22	7236.65	7331.02	7049.23	7280.65	107571
2025-08-25	7312.46	7528.25	7078.03	7386.70	178439
2025-08-26	7425.70	7564.47	7144.06	7516.71	117483
2025-08-27	7514.00	7626.23	7429.07	7507.69	63515
2025-08-28	7539.55	7758.81	7327.10	7613.88	276867
2025-08-29	7675.57	7869.26	7343.79	7819.51	41158
2025-09-01	7881.85	8073.63	7472.23	8027.31	111050
2025-09-02	7962.89	8337.13	7672.43	7812.58	26798
2025-09-03	7875.84	8127.18	7573.45	8023.44	135429
2025-09-04	8054.41	8196.08	7813.29	8126.67	143207
2025-09-05	8130.75	8208.15	8040.53	8140.27	173738
2025-09-08	8211.37	8430.90	7868.60	8377.27	107692
2025-09-09	8429.87	8690.71	8050.44	8552.59	236145
2025-09-10	8608.50	8884.41	8274.96	8738.96	44953
2025-09-11	8742.77	8818.66	8655.25	8751.64	78521
2025-09-12	8784.32	8989.35	8593.23	8860.56	195870
2025-09-15	8920.39	9102.34	8636.96	9059.98	56788
2025-09-16	9029.25	9244.60	8846.88	8957.53	117060
2025-09-17	9012.55	9172.93	8749.86	9140.91	11108
2025-09-18	9155.97	9231.32	8988.71	9191.10	157123
2025-09-19	9272.27	9638.74	8812.74	9461.69	261445
2025-09-22	9400.97	9741.83	9204.44	9259.27	71580
2025-09-23	9275.80	9416.80	9110.10	9314.35	290878
2025-09-24	9370.66	9660.20	9024.73	9502.04	256993
2025-09-25	9562.58	9883.36	9216.04	9703.85	214538
2025-09-26	9747.17	9987.82	9458.80	9848.24	236497
2025-09-29	9916.92	10149.20	9537.41	10077.17	43236
2025-09-30	10025.48	10407.99	9893.95	9904.89	150575
2025-10-01	9977.48	10342.51	9494.10	10146.86	160760
2025-10-02	10197.74	10436.39	9828.38	10316.46	48962
2025-10-03	10347.52	10566.81	10176.74	10419.99	113301
2025-10-06	10451.22	10606.75	10191.05	10524.10	7818
2025-10-07	10580.15	10836.53	10284.41	10710.92	291062
2025-10-08	10739.47	10822.52	10448.64	10806.10	102011
2025-10-09	10825.68	11044.19	10539.73	10871.38	74086
2025-10-10	10883.24	11062.79	10778.98	10910.90	138751
2025-10-13	10934.62	11023.09	10652.88	10989.98	250961
2025-10-14	10992.29	11030.03	10790.82	10997.69	157037
2025-10-15	10929.62	11444.34	10677.66	10770.79	234092
2025-10-16	10813.30	10955.58	10604.36	10912.48	215101
2025-10-17	10947.96	11101.51	10593.36	11030.76	88463
2025-10-20	11079.34	11341.64	10741.65	11192.68	157459
2025-10-21	11181.23	11440.82	11011.08	11154.51	291924
2025-10-22	11109.40	11391.47	10880.06	11004.15	138322
2025-10-23	11043.97	11344.81	10755.40	11136.89	240184
2025-10-24	11078.80	11510.36	10835.08	10943.25	128300
2025-10-27	10997.37	11230.24	10629.86	11123.66	5497
2025-10-28	11187.37	11517.19	10808.61	11336.05	175125
2025-10-29	11433.16	11778.41	10826.03	11659.77	70085
2025-10-30	11685.25	11918.70	11369.73	11744.71	230219
2025-10-31	11796.45	12143.20	11345.25	11917.16	33189
2025-11-03	11954.42	12174.03	11727.81	12041.34	221060
2025-11-04	12048.71	12254.06	11795.07	12065.91	240434
2025-11-05	12091.54	12259.24	11783.88	12151.36	212205
2025-11-06	12189.51	12483.21	12001.41	12278.53	92776
2025-11-07	12171.78	12719.52	11868.18	11922.69	171197
2025-11-10	11880.14	12087.66	11686.84	11780.86	263473
2025-11-11	11704.40	12274.01	11511.84	11526.00	227189
2025-11-12	11537.44	11671.78	11303.82	11564.14	233132
2025-11-13	11538.19	11862.90	11335.88	11477.63	20104
2025-11-14	11554.05	11839.45	11117.73	11732.38	90553
2025-11-17	11785.39	11949.38	11495.21	11909.09	132123
2025-11-18	11804.63	12374.33	11335.44	11560.87	65177
2025-11-19	11604.53	11727.28	11339.30	11706.41	83143
2025-11-20	11737.12	11996.48	11517.18	11808.77	126735
2025-11-21	11773.75	11977.03	11534.18	11692.06	5272
2025-11-24	11659.05	11955.52	11539.18	11582.02	100758
2025-11-25	11663.34	11915.40	11244.96	11853.11	213831
2025-11-26	11848.35	12105.37	11621.48	11837.25	59740
2025-11-27	11866.48	12000.72	11568.15	11934.69	108911
2025-11-28	12018.49	12366.67	11582.71	12214.04	43823
2025-12-01	12320.38	12800.99	11795.60	12568.52	176734
2025-12-02	12598.17	12774.40	12404.15	12667.36	223359
2025-12-03	12663.71	12881.77	12590.32	12655.21	116929
2025-12-04	12744.56	13197.70	12133.18	12953.05	147527
2025-12-05	13020.04	13209.51	12640.36	13176.35	269511
2025-12-08	13260.08	13492.00	12832.90	13455.45	247843
2025-12-09	13569.37	13982.68	12833.18	13835.18	189294
2025-12-10	13758.21	14348.09	13531.15	13578.59	215288
2025-12-11	13689.90	14120.11	13135.92	13949.62	284624
2025-12-12	13859.28	14368.62	13459.35	13648.48	69723
2025-12-15	13662.74	13715.23	13468.89	13696.01	45627
2025-12-16	13804.04	14152.85	13166.37	14056.11	36446
2025-12-17	14103.09	14477.97	13687.47	14212.70	218942
2025-12-18	14136.30	14567.43	13863.63	13958.03	299348
2025-12-19	14013.07	14323.78	13722.48	14141.51	121889
2025-12-22	14229.88	14535.64	13684.77	14436.08	107942
2025-12-23	14489.83	14631.60	14049.23	14615.24	142300
2025-12-24	14693.69	14972.93	14237.74	14876.75	162196
2025-12-25	14751.75	15514.60	14239.44	14460.09	90283
2025-12-26	14531.87	14940.70	14142.13	14699.37	42438
2025-12-29	14713.23	14849.22	14430.64	14745.59	179783
2025-12-30	14718.52	15050.56	14639.54	14655.36	276931
2025-12-31	14693.45	14805.79	14399.90	14782.31	172368
2026-01-01	14805.70	15016.75	14632.47	14860.26	296543
2026-01-02	14982.35	15308.24	14347.61	15267.23	214929
2026-01-05	15273.91	15470.37	15132.42	15289.48	96209
2026-01-06	15424.95	15811.15	14816.78	15741.03	100832
2026-01-07	15811.84	16114.21	15465.01	15977.04	143900
2026-01-08	16039.43	16222.76	15685.81	16185.01	125216
2026-01-09	16193.84	16486.66	16087.48	16214.44	86254
2026-01-12	16077.93	16800.55	15718.44	15759.41	251349
2026-01-13	15821.71	16096.87	15331.14	15967.07	280465
2026-01-14	16001.44	16244.10	15629.78	16081.64	168868
2026-01-15	16186.19	16615.60	15662.41	16430.14	55209
2026-01-16	16524.76	16978.00	15814.14	16745.54	147280
2026-01-19	16688.92	17074.21	16434.69	16556.81	133245
2026-01-20	16672.36	17013.96	16074.17	16941.98	18291
2026-01-21	16844.54	17467.53	16419.64	16617.17	214658
2026-01-22	16623.75	16698.61	16391.05	16639.10	174671
2026-01-23	16784.11	17152.12	15871.37	17122.47	164681
2026-01-26	17110.68	17349.86	16749.39	17083.18	22929
2026-01-27	17132.60	17432.94	16818.87	17247.91	210006
2026-01-28	17125.11	17731.97	16543.86	16838.59	118793
2026-01-29	16841.53	17103.88	16805.36	16848.37	211267
2026-01-30	16899.49	17044.88	16478.63	17018.78	50058
2026-02-02	16910.67	17535.93	16579.69	16658.41	142090
2026-02-03	16724.48	17002.78	16201.22	16878.65	167615
2026-02-04	16909.56	17048.93	16448.35	16981.69	144552
2026-02-05	16939.62	17319.15	16738.77	16841.46	258197
2026-02-06	16939.52	17352.77	16419.45	17168.32	253575
2026-02-09	17214.72	17448.32	16892.93	17323.01	211375
2026-02-10	17243.30	17872.50	16914.63	17057.33	147098
2026-02-11	17103.08	17502.83	16810.68	17209.82	58240
2026-02-12	17252.21	17508.47	16798.32	17351.13	42892
2026-02-13	17398.16	17649.31	17158.00	17507.89	227359
2026-02-16	17492.04	17850.42	17302.93	17455.05	183811
2026-02-17	17602.51	18201.23	16902.07	17946.58	220082
2026-02-18	17951.50	18321.65	17752.41	17962.97	117688
2026-02-19	17977.94	18084.57	17678.91	18012.85	242404
2026-02-20	18017.40	18347.51	17948.41	18028.02	127248
2026-02-23	18074.42	18239.54	17635.68	18182.66	262264
2026-02-24	18289.84	18813.05	17623.45	18539.92	218067
2026-02-25	18696.25	19386.29	17950.13	19061.04	57088
2026-02-26	19179.65	19783.83	18494.71	19456.40	157122
2026-02-27	19554.33	20137.72	18960.22	19782.83	270585
2026-03-02	19870.06	20225.96	19329.85	20073.59	125532
2026-03-03	20241.44	20903.38	19397.08	20633.08	199036
2026-03-04	20752.58	21403.93	20006.93	21031.40	32751
2026-03-05	21149.66	21645.89	20247.56	21425.59	231063
2026-03-06	21265.45	22234.29	20553.85	20891.81	268874
2026-03-09	21004.37	21646.23	20329.09	21267.01	64322
2026-03-10	21422.14	22198.57	20465.70	21784.10	19881
2026-03-11	21972.05	22783.19	20973.46	22410.61	33486
2026-03-12	22496.67	23119.34	21828.33	22697.49	26623
2026-03-13	22844.87	23409.69	21870.88	23188.75	167809
2026-03-16	23254.56	23449.49	22881.95	23408.11	237191
2026-03-17	23606.58	24312.01	22425.77	24069.68	233730
2026-03-18	24215.65	24871.40	23415.20	24556.24	95426
2026-03-19	24729.11	25487.50	23530.98	25132.45	24181
2026-03-20	25171.26	25357.42	24605.88	25261.83	220575
2026-03-23	25418.01	25955.77	24614.35	25782.41	87141
2026-03-24	25755.76	26162.15	25447.09	25693.57	71849
2026-03-25	25849.20	26596.99	25099.55	26212.35	299863
2026-03-26	26220.12	26606.79	25697.59	26238.24	65076
2026-03-27	26392.09	26812.68	25652.88	26751.09	250667
2026-03-30	26963.76	27932.75	25889.09	27459.97	259282
2026-03-31	27683.17	28558.11	26245.84	28203.98	112858
2026-04-01	28449.69	29109.27	27241.34	29023.00	61007
2026-04-02	28975.03	29754.58	28499.28	28863.10	200354
2026-04-03	29022.67	29584.98	28197.67	29395.03	255325
2026-04-06	29145.52	30773.51	28325.60	28563.35	261222
2026-04-07	28747.63	29601.14	27877.52	29177.60	187301
2026-04-08	29433.51	30216.86	27904.44	30030.62	90093
2026-04-09	30048.59	30154.94	29401.93	30090.52	29700
2026-04-10	30282.99	30786.11	29336.00	30732.07	253455
2026-04-13	30625.73	31556.88	30027.98	30377.60	235186
2026-04-14	30220.67	31010.11	29259.48	29854.50	194155
2026-04-15	29815.99	30030.99	29640.70	29726.14	205416
2026-04-16	29674.88	30461.75	29391.79	29555.28	37148
2026-04-17	29507.14	29933.20	29036.16	29394.79	249997
2026-04-20	29583.09	30391.84	28501.83	30022.44	205974
2026-04-21	29895.75	30730.68	29066.54	29600.15	14115
2026-04-22	29420.57	30616.80	28627.48	29001.57	76256
2026-04-23	29173.52	29979.90	28329.97	29574.73	237647
2026-04-24	29710.34	30206.02	28908.87	30026.75	117110
2026-04-27	30284.77	30996.59	28900.45	30886.83	8098
2026-04-28	30963.82	31511.79	30171.56	31143.48	99634
2026-04-29	30891.01	32035.90	29951.08	30301.92	195827
2026-04-30	30234.73	30703.17	29850.52	30077.96	280671
2026-05-01	30070.53	30394.76	29503.87	30053.19	254883