Date	Open	High	Low	Close	Volume
2022-11-21	10.90	11.03	10.68	10.94	254447
2022-11-22	11.00	11.23	10.57	11.12	168067
2022-11-23	11.07	11.32	10.87	10.97	219134
2022-11-24	11.02	11.26	10.59	11.15	177478
2022-11-25	11.19	11.44	10.88	11.31	220907
2022-11-28	11.36	11.54	11.08	11.50	87920
2022-11-29	11.53	11.76	11.18	11.61	233224
2022-11-30	11.66	11.89	11.30	11.77	47306
2022-12-01	11.84	12.13	11.32	12.02	181217
2022-12-02	11.96	12.43	11.61	11.83	49168
2022-12-05	11.76	12.22	11.39	11.60	96334
2022-12-06	11.58	11.75	11.41	11.55	116986
2022-12-07	11.59	11.77	11.38	11.69	188003
2022-12-08	11.62	12.15	11.43	11.45	218175
2022-12-09	11.52	11.82	11.09	11.70	183663
2022-12-12	11.80	12.10	11.31	12.04	51284
2022-12-13	12.06	12.33	11.83	12.11	210233
2022-12-14	12.21	12.53	11.55	12.45	102119
2022-12-15	12.51	12.66	12.14	12.63	202833
2022-12-16	12.71	12.94	12.33	12.89	131954
2022-12-19	13.00	13.38	12.45	13.24	271400
2022-12-20	13.28	13.42	13.09	13.37	172711
2022-12-21	13.29	13.70	12.99	13.10	160809
2022-12-22	13.17	13.45	12.77	13.35	200916
2022-12-23	13.32	13.52	13.05	13.23	242948
2022-12-26	13.12	13.73	12.64	12.87	165549
2022-12-27	12.97	13.25	12.48	13.22	19308
2022-12-28	13.25	13.54	13.04	13.30	232495
2022-12-29	13.37	13.76	13.08	13.51	22937
2022-12-30	13.51	13.67	13.37	13.52	124687
2023-01-02	13.48	13.77	13.24	13.40	109090
2023-01-03	13.40	13.45	13.35	13.39	211221
2023-01-04	13.41	13.66	13.24	13.46	207972
2023-01-05	13.56	13.83	13.03	13.78	213600
2023-01-06	13.75	13.99	13.64	13.69	285084
2023-01-09	13.70	13.93	13.56	13.73	217727
2023-01-10	13.84	14.33	13.29	14.11	210153
2023-01-11	14.16	14.32	13.75	14.29	49781
2023-01-12	14.33	14.67	14.02	14.43	276577
2023-01-13	14.35	14.76	13.89	14.15	240410
2023-01-16	14.20	14.53	13.90	14.31	114998
2023-01-17	14.41	14.85	13.75	14.65	95630
2023-01-18	14.79	15.32	14.06	15.09	127750
2023-01-19	15.11	15.36	14.82	15.14	289364
2023-01-20	15.15	15.41	14.93	15.16	28269
2023-01-23	15.28	15.83	14.69	15.58	126364
2023-01-24	15.58	15.77	15.55	15.59	206730
2023-01-25	15.62	15.97	15.44	15.71	265306
2023-01-26	15.80	16.29	15.35	16.00	100013
2023-01-27	15.91	16.36	15.66	15.71	201674
2023-01-30	15.62	16.06	15.13	15.43	149393
2023-01-31	15.57	16.02	14.70	15.89	6935
2023-02-01	15.94	16.27	15.61	16.07	151660
2023-02-02	16.09	16.26	15.80	16.13	33012
2023-02-03	16.27	16.74	15.59	16.61	72995
2023-02-06	16.63	16.79	16.30	16.68	259491
2023-02-07	16.60	17.20	16.39	16.43	267933
2023-02-08	16.29	17.13	15.64	15.96	211017
2023-02-09	16.01	16.41	15.65	16.14	28566
2023-02-10	16.22	16.59	15.82	16.39	91184
2023-02-13	16.49	16.96	15.93	16.73	147018
2023-02-14	16.76	16.89	16.51	16.83	292833
2023-02-15	16.69	17.33	16.07	16.37	185340
2023-02-16	16.50	16.92	15.92	16.80	39973
2023-02-17	16.86	17.10	16.38	17.00	7362
2023-02-20	17.00	17.11	16.92	17.01	268292
2023-02-21	17.12	17.65	16.44	17.39	84660
2023-02-22	17.30	17.94	16.88	17.11	184411
2023-02-23	17.18	17.44	16.55	17.35	200053
2023-02-24	17.39	17.52	17.16	17.50	52134
2023-02-27	17.42	17.92	16.95	17.23	235233
2023-02-28	17.13	17.58	16.72	16.90	179353
2023-03-01	16.99	17.35	16.44	17.22	30858
2023-03-02	17.28	17.71	16.90	17.41	119180
2023-03-03	17.45	17.58	17.15	17.53	292058
2023-03-06	17.55	17.73	17.42	17.61	127130
2023-03-07	17.49	18.07	17.03	17.20	192053
2023-03-08	17.27	17.64	16.83	17.42	220993
2023-03-09	17.51	17.93	16.96	17.71	54216
2023-03-10	17.64	18.21	17.21	17.48	102717
2023-03-13	17.45	17.93	17.16	17.38	220994
2023-03-14	17.38	17.73	17.12	17.36	263446
2023-03-15	17.26	17.95	16.81	17.04	284989
2023-03-16	17.08	17.39	16.71	17.19	174615
2023-03-17	17.34	17.82	16.43	17.70	232579
2023-03-20	17.79	18.22	17.34	17.98	52494
2023-03-21	18.11	18.76	17.23	18.43	218224
2023-03-22	18.44	18.59	18.32	18.46	12541
2023-03-23	18.37	19.05	18.08	18.15	8128
2023-03-24	18.25	18.72	17.55	18.48	212793
2023-03-27	18.41	18.89	17.87	18.23	243044
2023-03-28	18.25	18.51	17.95	18.28	137606
2023-03-29	18.27	18.41	18.09	18.24	115721
2023-03-30	18.25	18.45	17.89	18.27	195420
2023-03-31	18.35	18.59	17.96	18.53	137883
2023-04-03	18.41	19.17	17.81	18.12	259492
2023-04-04	18.15	18.45	17.68	18.23	274950
2023-04-05	18.11	18.70	17.70	17.85	37025
2023-04-06	17.87	18.03	17.60	17.90	208442
2023-04-07	17.82	18.46	17.40	17.63	258734
2023-04-10	17.49	18.34	17.09	17.15	15247
2023-04-11	17.25	17.57	16.78	17.48	83478
2023-04-12	17.59	18.09	16.97	17.86	17075
2023-04-13	17.94	18.30	17.46	18.14	182756
2023-04-14	18.28	18.71	17.31	18.61	165654
2023-04-17	18.61	18.71	18.26	18.61	219063
2023-04-18	18.52	19.16	18.12	18.31	291453
2023-04-19	18.47	19.02	17.73	18.85	161392
2023-04-20	18.96	19.51	18.47	19.20	69357
2023-04-21	19.26	19.51	18.71	19.39	99575
2023-04-24	19.28	19.86	18.90	19.02	59553
2023-04-25	19.03	19.07	18.91	19.04	37775
2023-04-26	19.17	19.60	18.50	19.45	152477
2023-04-27	19.54	19.93	19.12	19.73	289608
2023-04-28	19.59	20.31	19.05	19.26	291792
2023-05-01	19.43	20.13	18.33	19.83	197659
2023-05-02	19.90	20.34	19.37	20.07	279744
2023-05-03	19.93	20.81	19.46	19.61	37796
2023-05-04	19.65	20.06	19.44	19.75	235827
2023-05-05	19.78	20.16	19.50	19.83	42360
2023-05-08	19.89	20.10	19.30	20.02	56082
2023-05-09	20.19	20.74	19.16	20.60	278771
2023-05-10	20.51	21.32	20.05	20.29	76109
2023-05-11	20.31	20.69	20.09	20.37	284508
2023-05-12	20.46	20.98	19.93	20.67	103391
2023-05-15	20.75	21.27	20.03	20.94	175035
2023-05-16	20.86	21.43	20.29	20.66	275173
2023-05-17	20.82	21.48	19.83	21.20	96604
2023-05-18	21.06	21.73	20.34	20.72	121816
2023-05-19	20.68	21.11	20.42	20.60	42149
2023-05-22	20.71	21.06	20.14	20.94	257829
2023-05-23	21.01	21.26	20.51	21.16	29189
2023-05-24	20.98	22.15	20.32	20.56	111301
2023-05-25	20.47	20.95	19.91	20.27	80462
2023-05-26	20.40	20.86	19.72	20.70	16705
2023-05-29	20.83	21.47	20.04	21.12	51366
2023-05-30	20.94	21.90	20.46	20.50	218872
2023-05-31	20.57	20.92	20.04	20.72	194859
2023-06-01	20.79	21.05	20.42	20.95	69256
2023-06-02	21.07	21.68	20.20	21.34	77768
2023-06-05	21.33	21.55	20.97	21.30	32235
2023-06-06	21.35	21.47	20.76	21.45	152705
2023-06-07	21.55	22.02	20.76	21.78	289335
2023-06-08	21.94	22.58	21.01	22.32	172560
2023-06-09	22.33	22.73	22.06	22.35	207457
2023-06-12	22.52	22.99	21.73	22.92	14149
2023-06-13	23.10	23.63	22.19	23.53	18096
2023-06-14	23.60	24.18	22.92	23.75	61407
2023-06-15	23.65	24.53	22.95	23.39	13415
2023-06-16	23.22	24.29	22.42	22.81	96171
2023-06-19	22.68	23.36	21.92	22.37	98343
2023-06-20	22.38	22.60	22.22	22.42	6551
2023-06-21	22.35	22.83	21.89	22.19	186874
2023-06-22	22.21	22.41	21.72	22.24	235608
2023-06-23	22.31	22.77	21.74	22.49	79485
2023-06-26	22.66	23.15	21.88	23.05	16802
2023-06-27	22.85	24.03	21.97	22.41	61391
2023-06-28	22.49	22.87	22.03	22.68	161976
2023-06-29	22.64	22.87	22.15	22.56	49634
2023-06-30	22.70	23.15	21.68	23.01	209920
2023-07-03	23.03	23.41	22.64	23.06	221730
2023-07-04	23.24	23.77	22.17	23.67	258859
2023-07-05	23.75	24.03	23.32	23.95	197246
2023-07-06	24.12	24.84	22.94	24.51	20005
2023-07-07	24.70	25.47	23.63	25.14	73274
2023-07-10	25.24	25.90	24.39	25.46	43541
2023-07-11	25.68	26.48	24.57	26.20	261930
2023-07-12	26.39	27.11	25.24	26.82	177302
2023-07-13	26.85	27.08	26.50	26.92	275927
2023-07-14	26.83	27.45	26.39	26.62	50446
2023-07-17	26.76	27.60	25.66	27.09	21948
2023-07-18	27.18	27.54	26.36	27.40	150478
2023-07-19	27.56	28.34	26.75	27.94	107975
2023-07-20	28.02	28.63	27.19	28.22	118921
2023-07-21	28.24	28.38	28.09	28.30	279809
2023-07-24	28.24	28.59	27.83	28.09	9560
2023-07-25	28.26	29.18	27.38	28.64	48193
2023-07-26	28.56	28.99	28.18	28.36	36148
2023-07-27	28.56	29.07	27.19	29.01	160711
2023-07-28	28.77	30.30	28.06	28.21	180376
2023-07-31	28.34	28.94	27.32	28.64	153726
2023-08-01	28.41	29.91	27.68	27.88	230820
2023-08-02	27.67	28.84	26.69	27.20	29224
2023-08-03	27.37	27.92	26.56	27.77	53421
2023-08-04	27.86	28.40	27.06	28.06	270233
2023-08-07	28.17	28.59	27.15	28.41	71616
2023-08-08	28.67	29.43	27.18	29.26	41543
2023-08-09	29.51	30.66	28.15	30.10	12316
2023-08-10	30.29	31.03	29.08	30.72	7529
2023-08-11	30.45	31.81	29.35	29.81	65117
2023-08-14	29.87	30.06	29.08	30.00	139813
2023-08-15	30.24	31.28	29.07	30.80	105887
2023-08-16	30.91	31.40	30.16	31.16	45408
2023-08-17	31.43	32.51	30.15	32.05	184827
2023-08-18	32.18	33.05	31.06	32.49	272030
2023-08-21	32.52	32.83	31.79	32.61	227153
2023-08-22	32.67	33.29	32.18	32.81	149018
2023-08-23	32.83	33.46	32.63	32.90	161475
2023-08-24	33.10	33.78	31.90	33.55	146428
2023-08-25	33.62	34.30	33.23	33.77	46506
2023-08-28	33.94	34.83	32.65	34.33	124234
2023-08-29	34.56	35.58	32.91	35.11	201325
2023-08-30	35.26	36.23	33.96	35.61	26862
2023-08-31	35.73	36.52	35.05	36.02	54733
2023-09-01	36.15	37.06	35.54	36.47	71264
2023-09-04	36.58	37.55	35.44	36.86	263969
2023-09-05	36.88	37.22	36.15	36.92	239946
2023-09-06	36.96	37.15	36.27	37.07	7984
2023-09-07	37.08	37.71	36.93	37.12	203667
2023-09-08	37.42	38.40	35.61	38.10	156790
2023-09-11	38.40	39.34	36.81	39.10	14774
2023-09-12	39.44	40.70	37.23	40.25	168927
2023-09-13	40.56	41.89	38.71	41.28	121457
2023-09-14	41.05	42.83	39.89	40.51	98131
2023-09-15	40.43	41.49	39.99	40.24	279092
2023-09-18	40.55	41.50	38.64	41.27	253135
2023-09-19	41.63	43.07	39.96	42.47	182830
2023-09-20	42.51	43.18	42.07	42.59	295604
2023-09-21	42.85	44.20	41.00	43.46	192643
2023-09-22	43.66	44.39	42.67	44.12	157162
2023-09-25	44.33	44.91	42.57	44.83	42789
2023-09-26	44.92	45.29	43.88	45.13	8330
2023-09-27	45.29	46.04	44.08	45.67	292457
2023-09-28	45.98	47.43	43.92	46.70	195101
2023-09-29	46.92	47.51	45.45	47.43	88747
2023-10-02	47.27	48.02	46.24	46.90	25589
2023-10-03	47.22	48.91	45.50	47.98	102839
2023-10-04	48.02	48.54	47.77	48.11	206718
2023-10-05	48.40	49.21	46.26	49.08	155969
2023-10-06	49.42	51.15	47.60	50.23	282979
2023-10-09	50.40	51.11	48.90	50.80	73882
2023-10-10	51.03	51.92	49.09	51.58	270698
2023-10-11	51.67	52.83	51.10	51.86	189771
2023-10-12	52.25	53.25	50.26	53.16	150814
2023-10-13	53.63	55.49	50.96	54.71	269629
2023-10-16	55.11	56.15	53.23	56.03	61806
2023-10-17	56.36	58.11	54.75	57.13	236609
2023-10-18	57.41	58.89	56.13	58.05	293572
2023-10-19	58.38	60.09	56.60	59.13	213000
2023-10-20	59.06	60.43	58.20	58.89	248517
2023-10-23	59.29	60.96	57.05	60.22	223973
2023-10-24	59.82	61.87	58.40	58.89	191284
2023-10-25	59.18	60.07	57.69	59.86	248740
2023-10-26	59.91	60.52	58.78	60.03	234980
2023-10-27	60.54	61.96	58.06	61.72	70693
2023-10-30	62.14	63.31	59.98	63.14	171845
2023-10-31	63.14	63.51	62.33	63.15	10902
2023-11-01	63.21	64.32	62.26	63.36	13371
2023-11-02	63.92	65.55	60.93	65.22	229074
2023-11-03	65.60	67.04	62.74	66.47	29147
2023-11-06	66.92	68.37	64.02	67.96	106039
2023-11-07	68.30	70.25	66.08	69.08	30560
2023-11-08	69.48	71.76	67.14	70.41	295552
2023-11-09	70.44	71.53	69.03	70.51	95258
2023-11-10	70.89	72.66	68.77	71.79	167705
2023-11-13	71.17	74.67	68.86	69.71	298004
2023-11-14	70.05	71.08	68.30	70.83	58668
2023-11-15	71.01	71.75	68.91	71.44	124492
2023-11-16	71.91	73.73	69.41	72.99	187134
2023-11-17	73.08	73.92	72.26	73.29	259256
2023-11-20	72.97	75.66	71.95	72.22	205400
2023-11-21	72.63	74.83	69.61	73.59	222484
2023-11-22	74.24	77.20	70.47	75.77	148363
2023-11-23	76.17	78.60	73.61	77.11	143535
2023-11-24	77.25	77.70	76.01	77.57	248784
2023-11-27	78.07	80.26	74.49	79.22	184927
2023-11-28	79.86	82.90	76.29	81.35	190640
2023-11-29	81.93	84.04	78.83	83.26	217454
2023-11-30	83.98	87.13	80.74	85.66	146935
2023-12-01	85.58	87.03	85.10	85.39	181607
2023-12-04	85.76	87.80	82.53	86.63	296196
2023-12-05	87.12	89.89	84.61	88.27	53555
2023-12-06	87.49	92.39	85.42	85.66	288653
2023-12-07	86.21	87.86	82.68	87.48	137871
2023-12-08	87.75	89.31	85.04	88.37	183668
2023-12-11	88.50	89.60	86.36	88.80	23449
2023-12-12	89.46	91.85	85.79	91.01	234899
2023-12-13	91.27	92.65	89.18	91.89	270658
2023-12-14	92.32	94.46	89.95	93.35	96606
2023-12-15	92.84	95.47	89.90	91.65	208672
2023-12-18	91.71	92.07	90.73	91.85	189908
2023-12-19	91.85	92.36	91.50	91.86	48687
2023-12-20	92.67	95.37	89.03	94.58	236099
2023-12-21	94.97	97.78	92.83	95.89	39699
2023-12-22	96.00	97.96	94.78	96.25	187448
2023-12-25	96.67	99.18	93.86	97.62	142443
2023-12-26	97.47	99.16	95.97	97.12	54719
2023-12-27	97.87	100.78	93.09	99.60	221040
2023-12-28	99.84	100.75	97.83	100.40	142005
2023-12-29	100.51	101.42	98.27	100.78	61483
2024-01-01	100.54	102.90	99.01	99.99	60792
2024-01-02	100.86	104.21	96.02	102.91	106001
2024-01-03	103.46	105.77	100.83	104.74	250028
2024-01-04	105.63	108.41	101.62	107.71	74667
2024-01-05	108.00	109.58	105.63	108.65	86127
2024-01-08	109.60	112.78	105.26	111.81	150990
2024-01-09	112.31	115.18	108.94	113.50	72107
2024-01-10	113.19	116.17	111.94	112.47	198304
2024-01-11	112.16	115.55	110.73	111.42	296649
2024-01-12	111.80	114.24	108.50	112.68	47469
2024-01-15	113.13	114.82	109.21	114.15	87100
2024-01-16	114.99	118.42	110.88	116.94	280233
2024-01-17	116.99	118.47	115.72	117.11	187871
2024-01-18	117.28	119.75	114.64	117.66	164453
2024-01-19	117.76	118.16	115.31	117.99	265689
2024-01-22	118.17	120.28	116.07	118.61	33469
2024-01-23	119.30	121.69	114.43	120.91	140317
2024-01-24	121.04	121.56	118.83	121.34	47519
2024-01-25	121.47	122.96	119.88	121.77	94423
2024-01-26	120.74	125.83	116.79	118.33	256224
2024-01-29	118.89	122.08	116.25	120.19	221196
2024-01-30	120.79	123.55	116.87	122.19	47453
2024-01-31	122.20	123.71	121.89	122.21	175715
2024-02-01	122.79	126.46	120.07	124.14	170659
2024-02-02	125.12	129.82	119.13	127.39	270836
2024-02-05	126.64	132.01	122.54	124.88	63372
2024-02-06	125.59	128.60	120.52	127.24	48987
2024-02-07	127.85	131.44	123.21	129.28	277891
2024-02-08	129.62	131.05	128.01	130.41	98924
2024-02-09	130.70	132.67	126.89	131.38	219157
2024-02-12	130.40	135.06	127.50	128.10	65616
2024-02-13	129.05	133.79	124.08	131.27	269705
2024-02-14	132.00	134.74	126.35	133.71	105292
2024-02-15	134.26	135.87	130.82	135.54	34940
2024-02-16	135.73	137.72	133.24	136.18	204186
2024-02-19	135.13	140.82	131.77	132.68	221844
2024-02-20	133.14	135.81	130.29	134.20	78141
2024-02-21	134.97	138.12	130.86	136.78	221396
2024-02-22	137.38	138.97	134.28	138.77	132446
2024-02-23	137.98	143.04	134.82	136.15	194502
2024-02-26	135.96	138.58	134.37	135.51	194455
2024-02-27	135.82	138.53	132.28	136.55	215112
2024-02-28	137.42	142.16	131.41	139.47	12447
2024-02-29	139.27	141.07	138.26	138.79	29410
2024-03-01	139.37	141.20	136.29	140.72	32274
2024-03-04	140.92	141.61	138.56	141.37	34370
2024-03-05	142.42	146.85	137.54	144.88	115915
2024-03-06	145.52	147.39	141.55	147.02	68505
2024-03-07	146.63	150.45	144.02	145.73	224629
2024-03-08	144.87	149.13	140.88	142.87	11856
2024-03-11	142.76	144.74	141.67	142.51	11474
2024-03-12	142.91	145.25	139.81	143.83	126774
2024-03-13	144.56	146.90	139.73	146.25	289002
2024-03-14	146.00	149.35	144.43	145.42	170647
2024-03-15	146.58	151.17	139.04	149.27	187573
2024-03-18	150.03	152.59	144.50	151.81	67792
2024-03-19	152.62	156.18	147.59	154.53	115516
2024-03-20	154.80	158.42	151.11	155.41	11096
2024-03-21	154.48	160.99	149.42	152.30	266213
2024-03-22	152.36	154.46	150.10	152.49	132845
2024-03-25	151.28	159.61	147.87	148.46	198547
2024-03-26	148.47	149.21	148.07	148.51	258069
2024-03-27	147.50	154.16	142.35	145.15	233426
2024-03-28	146.37	149.36	140.56	149.21	285666
2024-03-29	150.46	154.88	142.23	153.39	43593
2024-04-01	154.36	158.20	147.56	156.62	77851
2024-04-02	156.00	159.94	151.89	154.55	12054
2024-04-03	155.48	159.32	149.23	157.65	61495
2024-04-04	158.36	160.79	154.08	160.01	67328
2024-04-05	160.62	165.13	155.14	162.05	88127
2024-04-08	162.73	167.30	158.34	164.32	20054
2024-04-09	164.52	166.64	161.77	164.99	75700
2024-04-10	165.21	168.74	161.54	165.73	159033
2024-04-11	164.81	170.26	160.93	162.67	177700
2024-04-12	162.64	164.42	161.35	162.57	246774
2024-04-15	162.51	163.02	160.65	162.37	192297
2024-04-16	161.29	167.54	158.39	158.77	220945
2024-04-17	157.67	163.68	153.98	155.09	216205
2024-04-18	155.32	156.22	151.93	155.86	69447
2024-04-19	156.04	158.38	152.92	156.46	292582
2024-04-22	156.15	159.45	152.54	155.43	55048
2024-04-23	156.13	160.54	151.33	157.76	202067
2024-04-24	158.25	159.94	154.84	159.39	296310
2024-04-25	159.40	161.16	157.85	159.44	105330
2024-04-26	160.05	161.78	154.35	161.48	107376
2024-04-29	161.50	163.22	159.23	161.56	116687
2024-04-30	160.41	166.57	155.24	157.74	264918
2024-05-01	159.07	164.73	150.33	162.18	229143
2024-05-02	163.39	169.31	157.19	166.24	34185
2024-05-03	165.38	171.13	160.13	163.37	49359
2024-05-06	163.05	166.81	161.98	162.30	23147
2024-05-07	161.41	165.45	158.44	159.34	107050
2024-05-08	160.67	164.66	153.09	163.77	229493
2024-05-09	163.92	165.93	162.11	164.29	24005
2024-05-10	165.66	171.73	156.78	168.85	32967
2024-05-13	169.74	173.71	164.92	171.83	206789
2024-05-14	172.39	176.22	167.59	173.68	37746
2024-05-15	173.15	175.80	170.63	171.91	217413
2024-05-16	173.13	178.94	166.26	175.98	171671
2024-05-17	177.21	180.52	171.02	180.08	199274
2024-05-20	180.90	186.43	176.01	182.81	194344
2024-05-21	184.44	191.68	174.30	188.25	53733
2024-05-22	189.71	194.27	181.57	193.14	91862
2024-05-23	194.36	200.52	186.21	197.22	97647
2024-05-24	198.36	204.26	190.82	201.02	193090
2024-05-27	202.43	208.68	192.51	205.70	66358
2024-05-28	207.15	211.27	200.64	210.54	99865
2024-05-29	210.67	213.67	209.17	210.97	25797
2024-05-30	211.18	212.30	207.86	211.67	212108
2024-05-31	211.91	214.29	207.87	212.48	16052
2024-06-03	211.77	217.85	208.39	210.09	146123
2024-06-04	211.11	216.59	203.15	213.47	57718
2024-06-05	215.01	220.18	207.57	218.63	276348
2024-06-06	220.35	227.29	211.65	224.38	224898
2024-06-07	224.43	227.26	222.75	224.54	30665
2024-06-10	223.72	231.37	218.95	221.81	128303
2024-06-11	220.63	227.96	214.61	217.89	237058
2024-06-12	219.29	226.59	209.35	222.57	115004
2024-06-13	224.23	231.60	216.31	228.11	31375
2024-06-14	228.30	232.44	223.13	228.75	147881
2024-06-17	229.57	234.09	225.25	231.49	248413
2024-06-18	231.74	233.84	230.36	232.33	284804
2024-06-19	233.87	242.07	226.09	237.45	236241
2024-06-20	238.67	244.63	232.20	241.53	168948
2024-06-21	243.53	251.52	232.07	248.19	212659
2024-06-24	247.68	250.52	243.27	246.49	112452
2024-06-25	246.89	251.54	243.60	247.83	150225
2024-06-26	248.18	251.60	243.92	248.98	259162
2024-06-27	247.19	255.77	239.43	243.01	35036
2024-06-28	242.03	250.01	235.76	239.75	217448
2024-07-01	241.77	249.48	229.72	246.49	269947
2024-07-02	245.29	251.61	241.32	242.50	270038
2024-07-03	243.11	248.31	240.21	244.54	9766
2024-07-04	245.90	253.70	237.93	249.06	150878
2024-07-05	249.79	256.45	242.39	251.48	94151
2024-07-08	253.17	260.40	245.11	257.10	263685
2024-07-09	258.24	265.20	252.04	260.90	12991
2024-07-10	261.26	262.63	255.75	262.09	285996
2024-07-11	264.37	272.97	251.81	269.67	180426
2024-07-12	269.63	271.18	268.84	269.55	119377
2024-07-15	271.87	281.33	257.35	277.28	178190
2024-07-16	278.59	282.09	271.94	281.65	93729
2024-07-17	281.85	287.10	278.85	282.33	249697
2024-07-18	280.21	292.99	271.07	275.28	208354
2024-07-19	276.89	282.06	267.30	280.66	245450
2024-07-22	281.79	288.57	274.44	284.41	115408
2024-07-23	285.85	290.54	278.72	289.20	256609
2024-07-24	290.86	299.92	281.96	294.74	201241
2024-07-25	293.75	298.89	289.26	291.43	174079
2024-07-26	291.57	292.83	286.72	291.89	162781
2024-07-29	293.42	302.76	286.18	296.98	101283
2024-07-30	299.29	309.69	284.11	304.65	125936
2024-07-31	302.32	315.60	296.27	296.88	288991
2024-08-01	298.91	304.24	289.49	303.64	128176
2024-08-02	304.98	308.52	298.47	308.11	20502
2024-08-05	310.63	317.21	296.24	316.50	79894
2024-08-06	318.50	326.26	307.93	323.19	5626
2024-08-07	325.61	336.49	312.07	331.24	156392
2024-08-08	333.30	339.91	318.89	338.09	68484
2024-08-09	335.64	349.09	326.29	329.91	89240
2024-08-12	330.33	331.99	326.10	331.32	121714
2024-08-13	330.85	336.31	324.00	329.78	149469
2024-08-14	330.60	333.63	324.54	332.53	8154
2024-08-15	333.48	340.81	327.32	335.72	93202
2024-08-16	335.56	336.84	330.42	335.17	163274
2024-08-19	335.77	341.62	332.66	337.18	243084
2024-08-20	339.63	349.72	325.91	345.35	262820
2024-08-21	346.16	351.08	340.48	348.05	165050
2024-08-22	350.37	357.97	335.75	355.79	288372
2024-08-23	358.36	365.31	344.37	364.34	282369
2024-08-26	365.61	373.18	358.89	368.59	82056
2024-08-27	369.51	378.66	359.02	371.68	69856
2024-08-28	374.59	381.93	357.10	381.39	40208
2024-08-29	384.37	398.14	369.09	391.34	291444
2024-08-30	393.52	406.03	378.23	398.62	232225
2024-09-02	395.48	416.62	386.88	388.14	81663
2024-09-03	388.70	396.35	379.04	390.01	120903
2024-09-04	393.14	403.75	372.88	400.45	208513
2024-09-05	401.01	403.96	394.03	402.32	77936
2024-09-06	402.83	410.01	396.02	404.04	134387
2024-09-09	400.74	420.00	389.88	393.03	263084
2024-09-10	396.02	409.58	375.62	402.97	94399
2024-09-11	405.31	415.25	389.51	410.75	81782
2024-09-12	413.85	426.78	399.34	421.09	46782
2024-09-13	422.01	431.76	410.45	424.15	183128
2024-09-16	427.19	435.23	407.69	434.29	156547
2024-09-17	434.20	435.45	427.72	433.98	233248
2024-09-18	434.16	440.06	429.00	434.59	175079
2024-09-19	432.69	444.33	420.71	428.26	214591
2024-09-20	425.74	440.47	414.73	419.86	116827
2024-09-23	420.98	428.30	413.99	423.62	255696
2024-09-24	422.15	433.04	411.58	418.71	283180
2024-09-25	419.84	427.94	413.50	422.50	7579
2024-09-26	424.77	437.92	413.50	430.07	283529
2024-09-27	432.75	443.25	420.05	439.02	255774
2024-09-30	438.76	444.84	434.08	438.17	199488
2024-10-01	438.77	443.40	434.78	440.17	219119
2024-10-02	440.20	445.25	431.48	440.29	114408
2024-10-03	443.45	453.19	426.19	450.80	262871
2024-10-04	451.98	455.38	445.35	454.73	175578
2024-10-07	458.16	471.97	439.10	466.17	285050
2024-10-08	466.46	469.52	458.53	467.15	192474
2024-10-09	468.76	474.22	459.36	472.52	112746
2024-10-10	472.66	479.09	470.06	473.01	288702
2024-10-11	476.92	490.32	451.57	486.05	30500
2024-10-14	488.00	498.38	470.44	492.53	270953
2024-10-15	490.36	504.48	475.67	485.28	206321
2024-10-16	487.81	500.09	470.44	493.71	34731
2024-10-17	495.42	501.59	483.42	499.39	172779
2024-10-18	503.58	514.58	477.94	513.37	224795
2024-10-21	514.36	520.29	503.85	516.68	89939
2024-10-22	513.66	534.02	497.48	506.62	106456
2024-10-23	510.16	522.79	492.52	518.42	211305
2024-10-24	519.54	522.85	508.61	522.15	66379
2024-10-25	521.00	528.03	513.55	518.32	227080
2024-10-28	519.56	532.24	512.42	522.45	232880
2024-10-29	523.63	529.33	515.61	526.39	25137
2024-10-30	529.51	543.46	514.70	536.80	198682
2024-10-31	538.37	552.82	527.24	542.03	136088
2024-11-01	545.48	559.04	526.35	553.53	144614
2024-11-04	552.32	566.78	545.81	549.47	202942
2024-11-05	552.28	567.52	538.96	558.81	264625
2024-11-06	563.81	580.28	537.56	575.45	145460
2024-11-07	578.12	589.15	558.34	584.35	160888
2024-11-08	584.42	589.29	580.15	584.58	122664
2024-11-11	583.20	596.82	579.03	579.97	122477
2024-11-12	583.83	599.97	558.76	592.84	188803
2024-11-13	595.33	611.51	575.85	601.15	182043
2024-11-14	602.24	607.78	589.98	604.76	79784
2024-11-15	608.81	628.41	587.60	618.25	207013
2024-11-18	623.08	637.63	592.70	634.33	72651
2024-11-19	635.97	649.33	625.21	639.81	257630
2024-11-20	636.75	660.79	628.20	629.60	109946
2024-11-21	634.91	658.67	604.93	647.31	242653
2024-11-22	646.44	660.89	634.12	644.41	68532
2024-11-25	644.49	650.53	639.46	644.67	55307
2024-11-26	646.06	654.40	638.76	649.29	39378
2024-11-27	653.65	670.82	622.83	663.82	248914
2024-11-28	659.80	688.12	649.54	650.41	133991
2024-11-29	653.34	665.08	635.31	660.17	40110
2024-12-02	659.39	672.11	650.15	657.57	35446
2024-12-03	663.07	686.00	630.85	675.91	157423
2024-12-04	678.99	687.17	657.78	686.15	77792
2024-12-05	686.99	693.84	682.13	688.94	279837
2024-12-06	689.98	694.37	673.92	692.40	39087
2024-12-09	690.92	707.94	676.34	687.45	272391
2024-12-10	682.84	711.68	663.48	672.08	268280
2024-12-11	675.93	697.23	646.98	684.92	190539
2024-12-12	686.18	699.66	676.68	689.10	34368
2024-12-13	693.92	713.09	670.33	705.15	195842
2024-12-16	703.95	720.69	694.31	701.15	283944
2024-12-17	704.09	724.82	679.83	710.94	119859
2024-12-18	712.80	719.52	703.30	717.15	75895
2024-12-19	720.99	731.94	694.18	729.97	69574
2024-12-20	730.51	745.60	713.73	731.76	89416
2024-12-23	734.57	742.38	713.76	741.14	228340
2024-12-24	741.66	746.40	730.78	742.88	130106
2024-12-25	747.47	763.31	715.30	758.20	201125
2024-12-26	759.88	774.17	738.44	763.80	34546
2024-12-27	767.00	780.73	739.11	774.46	137885
2024-12-30	772.58	786.83	755.30	768.19	24056
2024-12-31	772.11	791.20	744.67	781.26	36764
2025-01-01	785.87	810.37	760.28	796.62	102921
2025-01-02	797.33	800.32	785.67	798.98	290460
2025-01-03	797.46	818.91	782.14	793.89	240977
2025-01-06	796.13	815.80	780.89	801.36	15874
2025-01-07	803.88	823.82	785.80	809.75	76760
2025-01-08	815.11	837.30	782.44	827.61	179198
2025-01-09	826.73	834.52	812.17	824.70	136407
2025-01-10	828.03	836.80	803.40	835.80	161716
2025-01-13	830.00	867.89	806.32	816.46	81947
2025-01-14	823.55	853.87	789.41	840.09	80257
2025-01-15	844.12	865.07	823.93	853.55	67419
2025-01-16	854.03	864.96	849.45	855.16	132955
2025-01-17	861.74	892.17	818.01	877.08	61349
2025-01-20	871.80	897.63	846.78	859.47	266018
2025-01-21	860.91	877.25	842.33	864.27	204065
2025-01-22	857.47	898.85	825.74	841.61	73442
2025-01-23	847.82	875.69	815.99	862.33	278027
2025-01-24	866.10	876.89	847.59	874.89	269299
2025-01-27	880.33	897.27	847.40	893.00	114714
2025-01-28	900.28	930.24	855.12	917.26	277800
2025-01-29	914.77	935.44	902.08	908.96	143919
2025-01-30	914.47	930.88	879.03	927.30	35888
2025-01-31	927.92	942.16	916.42	929.35	136551
2025-02-03	931.48	949.62	918.53	936.45	12296
2025-02-04	938.10	949.51	929.39	941.94	31494
2025-02-05	941.73	947.00	939.07	941.23	265597
2025-02-06	945.40	960.26	914.37	955.12	43963
2025-02-07	955.52	964.50	938.05	956.45	87239
2025-02-10	960.16	970.13	939.87	968.82	242133
2025-02-11	977.27	1011.85	925.23	996.99	299461
2025-02-12	1004.05	1039.32	967.30	1020.53	29534
2025-02-13	1019.99	1039.00	1006.58	1018.74	122724
2025-02-14	1014.64	1041.51	990.68	1005.08	169199
2025-02-17	996.72	1047.98	971.48	977.22	290160
2025-02-18	983.82	1001.99	949.62	999.23	23969
2025-02-19	1000.15	1019.53	979.51	1002.32	184899
2025-02-20	1002.00	1022.39	982.32	1001.25	261981
2025-02-21	992.42	1037.37	970.81	971.81	129479
2025-02-24	976.96	990.90	935.78	988.98	249454
2025-02-25	993.88	1013.67	957.79	1005.32	235497
2025-02-26	1005.69	1021.99	990.23	1006.54	133041
2025-02-27	1003.93	1025.12	995.68	997.82	152903
2025-02-28	1004.87	1024.41	968.47	1021.30	218271
2025-03-03	1027.90	1053.31	980.43	1043.29	281234
2025-03-04	1048.17	1078.06	1008.92	1059.57	17070
2025-03-05	1055.42	1081.03	1030.07	1045.73	29320
2025-03-06	1042.76	1065.27	1022.93	1035.81	61997
2025-03-07	1038.19	1049.48	1016.38	1043.74	33087
2025-03-10	1036.20	1082.11	1015.02	1018.62	74181
2025-03-11	1012.78	1046.25	987.11	999.16	95943
2025-03-12	1003.82	1017.01	979.02	1014.68	258763
2025-03-13	1023.13	1051.76	976.81	1042.84	110376
2025-03-14	1040.27	1062.02	1013.92	1034.28	31319
2025-03-17	1033.38	1042.88	1022.33	1031.30	289800
2025-03-18	1030.04	1043.61	1019.29	1027.12	241502
2025-03-19	1020.27	1065.37	990.90	1004.30	217567
2025-03-20	1009.90	1026.51	970.71	1022.97	100971
2025-03-21	1025.19	1041.13	1009.42	1030.38	79383
2025-03-24	1025.75	1064.12	1010.44	1014.94	132738
2025-03-25	1010.29	1036.28	987.12	999.43	13336
2025-03-26	1006.81	1031.94	971.53	1024.03	156562
2025-03-27	1031.29	1049.34	981.68	1048.24	217399
2025-03-28	1051.29	1073.02	1023.45	1058.41	200854
2025-03-31	1048.99	1091.68	1009.73	1027.00	298531
2025-04-01	1033.50	1052.31	997.54	1048.67	99521
2025-04-02	1046.09	1063.43	1023.27	1040.08	83576
2025-04-03	1036.62	1071.89	1014.20	1028.54	238595
2025-04-04	1037.22	1059.42	985.83	1057.46	79799
2025-04-07	1060.97	1090.23	1042.53	1069.16	49176
2025-04-08	1073.89	1096.92	1049.00	1084.91	137545
2025-04-09	1086.24	1099.71	1067.05	1089.32	256460
2025-04-10	1080.08	1139.06	1045.84	1058.51	71255
2025-04-11	1066.59	1099.52	1021.93	1085.46	256460
2025-04-14	1081.64	1101.07	1063.99	1072.72	15527
2025-04-15	1067.29	1100.27	1053.31	1054.62	73926
2025-04-16	1055.71	1075.67	1044.68	1058.27	32090
2025-04-17	1067.53	1107.39	1020.53	1089.16	215893
2025-04-18	1095.52	1115.43	1050.63	1110.36	120595
2025-04-21	1111.01	1131.31	1092.27	1112.54	108020
2025-04-22	1117.14	1148.26	1080.68	1127.89	127316
2025-04-23	1120.31	1159.05	1084.93	1102.63	47914
2025-04-24	1102.97	1106.34	1089.46	1103.75	196217
2025-04-25	1109.59	1140.44	1077.15	1123.21	283862
2025-04-28	1131.44	1153.13	1078.96	1150.64	5999
2025-04-29	1157.57	1191.94	1118.81	1173.75	23050
2025-04-30	1175.69	1200.79	1163.52	1180.23	57479
2025-05-01	1189.52	1230.02	1136.81	1211.19	259395
2025-05-02	1218.19	1239.87	1176.22	1234.53	283601
2025-05-05	1235.42	1260.76	1221.34	1237.49	92075
2025-05-06	1237.92	1260.79	1215.27	1238.92	131332
2025-05-07	1238.16	1252.26	1226.95	1236.38	45179
2025-05-08	1236.88	1260.99	1227.88	1238.03	217597
2025-05-09	1246.16	1282.69	1208.27	1265.13	218405
2025-05-12	1273.26	1315.05	1230.38	1292.20	250423
2025-05-13	1302.83	1332.25	1251.57	1327.62	154198
2025-05-14	1334.98	1366.90	1288.99	1352.16	62443
2025-05-15	1362.28	1391.38	1310.76	1385.89	290805
2025-05-16	1383.31	1400.97	1360.87	1377.32	79549
2025-05-19	1379.93	1387.78	1366.18	1386.02	89652
2025-05-20	1390.39	1424.42	1350.69	1400.60	212780
2025-05-21	1409.80	1448.92	1358.58	1431.26	257052
2025-05-22	1433.29	1442.76	1402.41	1438.02	171907
2025-05-23	1445.74	1477.56	1392.46	1463.77	278854
2025-05-26	1464.50	1492.55	1441.52	1466.22	152447
2025-05-27	1471.44	1485.34	1437.01	1483.61	232336
2025-05-28	1488.09	1518.80	1461.69	1498.55	223433
2025-05-29	1508.62	1547.68	1444.52	1532.11	145987
2025-05-30	1540.42	1580.21	1496.30	1559.83	49838
2025-06-02	1572.53	1631.55	1498.03	1602.18	127919
2025-06-03	1591.29	1642.21	1537.42	1565.88	100194
2025-06-04	1571.33	1610.22	1528.50	1584.06	197105
2025-06-05	1574.59	1628.43	1527.94	1552.48	218405
2025-06-06	1566.38	1609.94	1478.64	1598.82	290787
2025-06-09	1603.81	1623.95	1556.18	1615.47	64030
2025-06-10	1629.07	1677.08	1563.46	1660.82	120239
2025-06-11	1665.20	1703.50	1618.90	1675.41	239164
2025-06-12	1666.18	1738.84	1633.57	1644.65	222354
2025-06-13	1647.49	1682.14	1624.46	1654.14	98060
2025-06-16	1647.36	1708.50	1614.09	1631.54	46862
2025-06-17	1643.59	1677.50	1559.60	1671.70	229713
2025-06-18	1667.04	1697.10	1637.06	1656.16	93488
2025-06-19	1662.36	1691.11	1621.89	1676.82	275476
2025-06-20	1684.31	1718.11	1621.68	1701.79	95344
2025-06-23	1707.13	1750.56	1656.85	1719.57	39771
2025-06-24	1720.61	1748.61	1694.70	1723.02	289064
2025-06-25	1711.94	1781.64	1654.37	1686.07	193769
2025-06-26	1697.46	1748.88	1629.18	1724.03	65326
2025-06-27	1730.26	1746.76	1681.59	1744.81	84473
2025-06-30	1758.87	1814.48	1679.38	1791.67	31413
2025-07-01	1795.15	1812.92	1764.02	1803.27	50355
2025-07-02	1819.11	1874.04	1744.74	1856.08	100070
2025-07-03	1856.14	1866.88	1832.29	1856.30	134119
2025-07-04	1872.17	1942.34	1786.35	1909.21	257101
2025-07-07	1915.94	1951.40	1860.29	1931.62	118450
2025-07-08	1919.98	1990.79	1865.33	1892.80	45699
2025-07-09	1896.71	1915.97	1870.55	1905.84	141235
2025-07-10	1915.43	1967.71	1853.62	1937.80	196378
2025-07-11	1943.13	1958.70	1884.15	1955.57	9825
2025-07-14	1957.27	1991.83	1912.58	1961.23	98288
2025-07-15	1965.75	2013.70	1916.30	1976.30	8156
2025-07-16	1988.25	2045.89	1927.03	2016.11	219021
2025-07-17	2022.07	2054.36	1981.62	2035.99	149880
2025-07-18	2045.29	2095.07	1976.68	2066.99	17083
2025-07-21	2060.47	2128.38	2042.40	2045.28	259134
2025-07-22	2033.32	2110.24	2002.96	2005.40	40016
2025-07-23	2022.57	2101.21	1918.92	2062.62	64538
2025-07-24	2067.22	2104.07	2028.06	2077.95	223878
2025-07-25	2091.10	2158.28	2019.87	2121.76	26272
2025-07-28	2127.58	2181.82	2097.58	2141.16	39692
2025-07-29	2150.33	2189.71	2090.79	2171.71	160404
2025-07-30	2183.59	2241.69	2126.84	2211.32	162466
2025-07-31	2212.89	2222.48	2163.84	2216.55	153868
2025-08-01	2217.12	2237.08	2174.73	2218.43	99870
2025-08-04	2225.92	2254.53	2156.03	2243.41	258636
2025-08-05	2245.62	2264.86	2199.10	2250.80	142140
2025-08-06	2269.50	2349.53	2148.96	2313.12	231949
2025-08-07	2327.09	2398.65	2228.80	2359.69	260014
2025-08-08	2362.83	2382.26	2343.72	2370.17	29256
2025-08-11	2390.99	2465.08	2289.32	2439.57	103652
2025-08-12	2432.14	2506.43	2405.66	2414.83	17965
2025-08-13	2420.76	2453.97	2365.52	2434.62	101920
2025-08-14	2451.73	2513.26	2361.97	2491.66	39739
2025-08-15	2487.53	2533.71	2432.78	2477.88	270871
2025-08-18	2497.31	2573.82	2404.19	2542.65	130184
2025-08-19	2564.13	2640.21	2450.22	2614.27	230601
2025-08-20	2614.60	2637.92	2584.06	2615.39	216770
2025-08-21	2614.95	2628.78	2596.11	2613.92	200770
2025-08-22	2603.67	2692.35	2561.60	2579.74	207176
2025-08-25	2584.89	2600.61	2523.68	2596.91	263779
2025-08-26	2619.81	2709.92	2470.72	2673.23	9819
2025-08-27	2682.73	2723.68	2625.70	2704.90	194544
2025-08-28	2718.70	2793.25	2609.60	2750.89	175488
2025-08-29	2755.71	2799.10	2716.36	2766.95	293430
2025-09-01	2782.65	2837.65	2693.35	2819.29	14192
2025-09-02	2795.10	2928.97	2705.73	2738.67	11413
2025-09-03	2760.54	2836.58	2628.85	2811.59	36992
2025-09-04	2815.61	2862.42	2789.46	2824.99	299247
2025-09-05	2815.17	2902.58	2779.89	2792.25	231297
2025-09-08	2803.21	2872.28	2733.65	2828.79	202150
2025-09-09	2839.46	2903.07	2777.71	2864.34	69882
2025-09-10	2869.59	2906.87	2819.49	2881.82	108380
2025-09-11	2879.08	2927.09	2867.64	2872.69	153951
2025-09-12	2896.33	2983.66	2782.93	2951.49	150375
2025-09-15	2956.30	2982.98	2885.33	2967.53	272272
2025-09-16	2973.21	3032.51	2923.60	2986.44	147238
2025-09-17	2987.55	3016.92	2964.25	2990.14	88778
2025-09-18	2998.87	3061.61	2944.57	3019.23	102564
2025-09-19	3043.51	3133.71	2919.78	3100.14	103830
2025-09-22	3121.40	3208.84	3014.69	3171.00	25377
2025-09-23	3180.11	3217.67	3133.38	3201.37	228744
2025-09-24	3215.05	3272.63	3116.37	3246.99	123700
2025-09-25	3251.45	3294.74	3187.78	3261.86	46560
2025-09-26	3264.84	3279.08	3214.90	3271.79	270547
2025-09-29	3277.78	3346.40	3203.44	3291.76	293688
2025-09-30	3277.15	3391.65	3202.03	3243.08	33479
2025-10-01	3254.44	3343.57	3153.28	3280.93	77603
2025-10-02	3291.98	3339.57	3184.38	3317.78	91690
2025-10-03	3331.59	3406.67	3233.57	3363.82	208496
2025-10-06	3360.64	3392.32	3315.61	3353.22	35451
2025-10-07	3357.56	3428.01	3306.90	3367.68	260260
2025-10-08	3374.30	3404.97	3339.66	3389.74	12505
2025-10-09	3370.50	3459.94	3297.31	3325.60	134207
2025-10-10	3351.39	3464.97	3204.62	3411.57	207130
2025-10-13	3403.71	3483.36	3357.13	3385.38	230921
2025-10-14	3403.88	3483.46	3289.99	3447.06	221116
2025-10-15	3461.53	3501.25	3387.05	3495.30	33643
2025-10-16	3497.93	3529.94	3421.68	3504.07	81650
2025-10-17	3489.01	3584.77	3391.00	3453.87	114765
2025-10-20	3469.52	3529.53	3384.60	3506.04	247280
2025-10-21	3479.31	3665.49	3378.10	3416.96	24526
2025-10-22	3428.16	3472.23	3351.71	3454.30	210684
2025-10-23	3483.94	3576.60	3347.24	3553.11	199544
2025-10-24	3556.27	3569.64	3524.36	3563.66	205285
2025-10-27	3580.78	3645.36	3466.34	3620.73	195549
2025-10-28	3599.56	3697.17	3516.08	3550.16	26977
2025-10-29	3522.28	3671.60	3450.78	3457.21	284001
2025-10-30	3452.85	3490.60	3425.37	3442.65	144062
2025-10-31	3430.74	3549.64	3388.91	3402.93	187033
2025-11-03	3412.23	3477.00	3367.09	3433.95	199045
2025-11-04	3449.42	3538.35	3360.24	3485.51	292301
2025-11-05	3511.56	3608.54	3356.42	3572.33	299116
2025-11-06	3600.98	3688.54	3454.32	3667.83	25846
2025-11-07	3673.23	3719.57	3585.74	3685.81	269341
2025-11-10	3686.68	3759.65	3611.17	3688.72	217047
2025-11-11	3701.47	3766.44	3621.70	3731.21	66394
2025-11-12	3731.37	3790.28	3700.21	3731.73	190773
2025-11-13	3757.15	3842.15	3633.98	3816.48	218312
2025-11-14	3849.12	3939.22	3645.62	3925.29	208141
2025-11-17	3952.04	4032.31	3823.28	4014.48	141515
2025-11-18	3990.05	4127.44	3882.97	3933.03	16537
2025-11-19	3936.36	4000.72	3878.76	3944.13	146031
2025-11-20	3961.85	4026.06	3825.01	4003.20	20954
2025-11-21	4024.86	4100.20	3885.99	4075.39	203568
2025-11-24	4092.71	4139.42	3984.52	4133.11	12521
2025-11-25	4164.83	4297.87	3950.78	4238.82	240834
2025-11-26	4249.89	4295.35	4152.61	4275.70	130941
2025-11-27	4286.45	4363.81	4159.98	4311.51	123942
2025-11-28	4341.03	4482.89	4159.12	4409.92	119828
2025-12-01	4381.70	4567.61	4236.78	4315.85	123974
2025-12-02	4338.96	4423.18	4188.93	4392.86	37335
2025-12-03	4407.95	4508.89	4291.25	4443.15	273474
2025-12-04	4446.30	4493.71	4421.70	4453.64	37140
2025-12-05	4421.75	4624.52	4303.31	4347.33	253603
2025-12-08	4363.61	4453.12	4260.12	4401.61	250385
2025-12-09	4405.59	4496.07	4324.72	4414.88	169533
2025-12-10	4443.93	4599.77	4294.09	4511.72	277599
2025-12-11	4502.85	4567.70	4410.99	4482.16	232788
2025-12-12	4521.68	4647.15	4321.22	4613.92	238248
2025-12-15	4615.03	4641.92	4545.20	4617.62	100168
2025-12-16	4635.24	4689.83	4487.65	4676.37	143178
2025-12-17	4715.15	4847.60	4503.47	4805.65	285846
2025-12-18	4827.99	4948.46	4637.49	4880.13	232388
2025-12-19	4912.42	5049.98	4765.20	4987.76	169552
2025-12-22	5020.85	5194.36	4782.30	5098.05	286274
2025-12-23	5069.57	5286.62	4969.56	5003.10	62974
2025-12-24	4965.93	5212.57	4814.42	4879.21	33114
2025-12-25	4869.55	4984.50	4764.34	4846.99	171290
2025-12-26	4856.65	4967.21	4759.41	4879.19	271356
2025-12-29	4915.66	5082.02	4716.81	5000.77	182433
2025-12-30	4992.90	5120.90	4953.41	4974.53	52969
2025-12-31	4976.93	5025.27	4878.49	4982.55	195757
2026-01-01	4983.25	5007.46	4954.64	4984.91	230751
2026-01-02	5011.93	5099.94	4851.29	5075.00	252363
2026-01-05	5054.47	5229.39	4944.31	5006.56	261196
2026-01-06	4991.67	5093.74	4898.65	4956.94	229884
2026-01-07	4960.54	5060.52	4886.81	4968.93	62645
2026-01-08	4958.30	5032.94	4863.56	4933.49	211058
2026-01-09	4935.45	4988.03	4862.29	4940.04	67455
2026-01-12	4944.52	4970.34	4827.42	4954.99	291721
2026-01-13	4960.50	5067.22	4857.36	4973.38	68829
2026-01-14	5005.48	5131.35	4825.01	5080.37	148054
2026-01-15	5045.13	5208.15	4874.76	4962.91	97644
2026-01-16	4924.75	5164.40	4751.15	4835.72	165496
2026-01-19	4837.19	4930.51	4811.56	4840.64	61557
2026-01-20	4878.46	5000.63	4703.07	4966.71	46133
2026-01-21	4931.52	5144.68	4824.66	4849.42	228431
2026-01-22	4807.42	5013.45	4661.89	4709.43	208833
2026-01-23	4746.36	4885.39	4506.31	4832.54	18821
2026-01-26	4796.81	4966.34	4697.43	4713.45	79932
2026-01-27	4717.65	4773.51	4657.72	4727.46	86508
2026-01-28	4713.07	4822.95	4591.64	4679.50	157854
2026-01-29	4710.15	4834.71	4539.23	4781.68	153255
2026-01-30	4784.28	4846.64	4702.10	4790.34	245159
2026-02-02	4778.79	4835.84	4675.97	4751.85	47945
2026-02-03	4746.99	4848.55	4645.57	4735.65	154456
2026-02-04	4730.98	4774.85	4685.03	4720.10	154165
2026-02-05	4760.37	4949.89	4503.91	4854.33	12963
2026-02-06	4859.29	4911.92	4798.55	4870.85	80819
2026-02-09	4882.85	4940.62	4784.44	4910.85	64349
2026-02-10	4917.01	4964.90	4856.84	4931.37	297129
2026-02-11	4895.44	5141.20	4727.26	4811.60	63981
2026-02-12	4845.43	4935.40	4624.72	4924.36	51268
2026-02-13	4952.02	5095.94	4743.16	5016.55	236320
2026-02-16	5054.69	5239.51	4823.16	5143.68	96740
2026-02-17	5130.54	5284.96	5006.14	5099.88	273436
2026-02-18	5078.43	5198.18	4958.57	5028.38	146602
2026-02-19	5035.02	5113.67	4927.19	5050.52	279724
2026-02-20	5093.24	5252.13	4864.05	5192.93	77013
2026-02-23	5214.74	5316.00	5102.02	5265.64	274160
2026-02-24	5290.54	5387.64	5133.52	5348.64	80957
2026-02-25	5320.71	5502.16	5192.27	5255.51	207295
2026-02-26	5275.38	5368.62	5103.03	5321.73	21296
2026-02-27	5360.31	5484.56	5141.43	5450.33	75479
2026-03-02	5413.50	5637.75	5301.55	5327.57	297484
2026-03-03	5340.03	5455.58	5271.54	5369.10	212438
2026-03-04	5364.08	5445.49	5277.60	5352.37	298101
2026-03-05	5326.40	5464.00	5192.93	5265.81	189660
2026-03-06	5271.10	5384.83	5193.73	5283.43	204282
2026-03-09	5307.95	5423.64	5175.74	5365.15	283158
2026-03-10	5365.42	5404.20	5282.87	5366.07	210789
2026-03-11	5382.47	5504.13	5261.66	5420.73	247070
2026-03-12	5441.91	5542.91	5266.47	5491.32	241253
2026-03-13	5494.95	5527.84	5471.33	5503.41	101317
2026-03-16	5527.56	5597.92	5340.83	5583.90	93751
2026-03-17	5620.14	5788.57	5369.81	5704.70	207333
2026-03-18	5749.96	5861.80	5488.73	5855.56	130762
2026-03-19	5831.80	5963.91	5682.20	5776.38	106558
2026-03-20	5795.34	5870.61	5624.64	5839.57	77173
2026-03-23	5814.10	5941.63	5691.74	5754.65	147148
2026-03-24	5757.23	5789.84	5702.99	5763.27	42229
2026-03-25	5763.82	5814.25	5742.08	5765.08	61394
2026-03-26	5718.77	5935.37	5507.76	5610.70	231755
2026-03-27	5615.20	5728.81	5566.51	5625.71	135193
2026-03-30	5650.99	5761.47	5431.37	5709.98	167626
2026-03-31	5745.40	5857.96	5528.96	5828.04	116702
2026-04-01	5851.79	5990.08	5718.21	5907.22	13928
2026-04-02	5870.20	6080.28	5681.58	5783.82	54050
2026-04-03	5778.23	5879.03	5723.45	5765.17	37228
2026-04-06	5799.18	5991.76	5608.11	5878.54	44721
2026-04-07	5922.54	6138.28	5675.13	6025.22	135864
2026-04-08	6041.94	6096.44	5895.25	6080.96	267686
2026-04-09	6090.49	6207.19	6042.30	6112.70	75848
2026-04-10	6149.31	6351.81	5902.59	6234.72	103102
2026-04-13	6256.75	6338.23	6067.49	6308.15	222493
2026-04-14	6324.95	6434.95	6209.77	6364.17	20193
2026-04-15	6393.26	6503.54	6213.32	6461.16	213164
2026-04-16	6480.14	6598.68	6331.21	6524.44	74965
2026-04-17	6579.46	6806.79	6243.21	6707.83	108253
2026-04-20	6764.61	6971.18	6455.62	6897.08	147902
2026-04-21	6836.36	7238.96	6638.50	6694.69	99539
2026-04-22	6714.36	6874.52	6503.14	6760.27	39266
2026-04-23	6780.38	6851.45	6657.04	6827.29	139076
2026-04-24	6864.93	7068.89	6590.60	6952.74	49443
2026-04-27	6985.45	7181.70	6743.58	7061.77	237713
2026-04-28	7003.76	7342.12	6781.56	6868.40	110989
2026-04-29	6922.93	7086.20	6667.42	7050.16	92955
2026-04-30	7057.44	7135.59	6917.57	7074.42	110303
2026-05-01	7107.24	7274.01	6914.62	7183.81	293273